LATTICE 17 0
FREQ 648
QUAD 300 7.31883 35 0 0 0 0 0 0
DRIFT 200 47 0 0 0
DRIFT 200 47 0 0 0
QUAD 300 -7.30368 35 0 0 0 0 0 0
DRIFT 400 47 0 0 0
DRIFT 385.319 47 0 0 0
FIELD_MAP 100 1258.74 158.13484217364845 47 0 0.775356 0 0 Cavity_Field_Sect_5 1
DRIFT 270.638 47 0 0 0
FIELD_MAP 100 1258.74 227.40724184866076 47 0 0.775356 0 0 Cavity_Field_Sect_5 1
DRIFT 270.638 47 0 0 0
FIELD_MAP 100 1258.74 299.81640670788363 47 0 0.775356 0 0 Cavity_Field_Sect_5 1
DRIFT 270.638 47 0 0 0
FIELD_MAP 100 1258.74 15.775805462832194 47 0 0.861770057293058 0 0 Cavity_Field_Sect_5 1
DRIFT 270.638 47 0 0 0
FIELD_MAP 100 1258.74 94.25404905635047 47 0 0.8750412568825341 0 0 Cavity_Field_Sect_5 1
DRIFT 385.319 47 0 0 0
DRIFT 400 47 0 0 0
QUAD 300 7.13846 35 0 0 0 0 0 0
DRIFT 200 47 0 0 0
DRIFT 200 47 0 0 0
QUAD 300 -7.12242 35 0 0 0 0 0 0
DRIFT 400 47 0 0 0
DRIFT 385.319 47 0 0 0
FIELD_MAP 100 1258.74 294.06550545787684 47 0 0.9060682969220509 0 0 Cavity_Field_Sect_5 1
DRIFT 270.638 47 0 0 0
FIELD_MAP 100 1258.74 16.607867350180264 47 0 0.0 0 0 Cavity_Field_Sect_5 1
DRIFT 270.638 47 0 0 0
FIELD_MAP 100 1258.74 104.72619768068567 47 0 0.9286910481509094 0 0 Cavity_Field_Sect_5 1
DRIFT 270.638 47 0 0 0
FIELD_MAP 100 1258.74 193.4494570870679 47 0 0.9304272 0 0 Cavity_Field_Sect_5 1
DRIFT 270.638 47 0 0 0
FIELD_MAP 100 1258.74 285.47322159891047 47 0 0.9304272 0 0 Cavity_Field_Sect_5 1
DRIFT 385.319 47 0 0 0
DRIFT 400 47 0 0 0
QUAD 300 6.95622 35 0 0 0 0 0 0
DRIFT 200 47 0 0 0
DRIFT 200 47 0 0 0
QUAD 300 -6.93983 35 0 0 0 0 0 0
DRIFT 400 47 0 0 0
DRIFT 385.319 47 0 0 0
FIELD_MAP 100 1258.74 158.30732444855 47 0 0.775356 0 0 Cavity_Field_Sect_5 1
DRIFT 270.638 47 0 0 0
FIELD_MAP 100 1258.74 255.7965052824033 47 0 0.775356 0 0 Cavity_Field_Sect_5 1
DRIFT 270.638 47 0 0 0
FIELD_MAP 100 1258.74 355.75528870948347 47 0 0.775356 0 0 Cavity_Field_Sect_5 1
DRIFT 270.638 47 0 0 0
FIELD_MAP 100 1258.74 98.12561620024245 47 0 0.775356 0 0 Cavity_Field_Sect_5 1
DRIFT 270.638 47 0 0 0
FIELD_MAP 100 1258.74 202.85085557504388 47 0 0.775356 0 0 Cavity_Field_Sect_5 1
DRIFT 385.319 47 0 0 0
DRIFT 400 47 0 0 0
QUAD 300 6.77566 35 0 0 0 0 0 0
DRIFT 200 47 0 0 0
DRIFT 200 47 0 0 0
QUAD 300 -6.75931 35 0 0 0 0 0 0
DRIFT 400 47 0 0 0
DRIFT 385.319 47 0 0 0
FIELD_MAP 100 1258.74 105.61858447833623 47 0 0.775356 0 0 Cavity_Field_Sect_5 1
DRIFT 270.638 47 0 0 0
FIELD_MAP 100 1258.74 214.8936272366106 47 0 0.775356 0 0 Cavity_Field_Sect_5 1
DRIFT 270.638 47 0 0 0
FIELD_MAP 100 1258.74 326.3658345069992 47 0 0.775356 0 0 Cavity_Field_Sect_5 1
DRIFT 270.638 47 0 0 0
FIELD_MAP 100 1258.74 79.98455609076949 47 0 0.775356 0 0 Cavity_Field_Sect_5 1
DRIFT 270.638 47 0 0 0
FIELD_MAP 100 1258.74 195.70057596686806 47 0 0.775356 0 0 Cavity_Field_Sect_5 1
DRIFT 385.319 47 0 0 0
DRIFT 400 47 0 0 0
QUAD 300 6.59881 35 0 0 0 0 0 0
DRIFT 200 47 0 0 0
DRIFT 200 47 0 0 0
QUAD 300 -6.58275 35 0 0 0 0 0 0
DRIFT 400 47 0 0 0
DRIFT 385.319 47 0 0 0
FIELD_MAP 100 1258.74 125.32368206505389 47 0 0.775356 0 0 Cavity_Field_Sect_5 1
DRIFT 270.638 47 0 0 0
FIELD_MAP 100 1258.74 245.09473589091957 47 0 0.775356 0 0 Cavity_Field_Sect_5 1
DRIFT 270.638 47 0 0 0
FIELD_MAP 100 1258.74 6.825783598014481 47 0 0.775356 0 0 Cavity_Field_Sect_5 1
DRIFT 270.638 47 0 0 0
FIELD_MAP 100 1258.74 130.4725588523764 47 0 0.775356 0 0 Cavity_Field_Sect_5 1
DRIFT 270.638 47 0 0 0
FIELD_MAP 100 1258.74 255.99244211327533 47 0 0.775356 0 0 Cavity_Field_Sect_5 1
DRIFT 385.319 47 0 0 0
DRIFT 400 47 0 0 0
QUAD 300 6.42723 35 0 0 0 0 0 0
DRIFT 200 47 0 0 0
DRIFT 200 47 0 0 0
QUAD 300 -6.41162 35 0 0 0 0 0 0
DRIFT 400 47 0 0 0
DRIFT 385.319 47 0 0 0
FIELD_MAP 100 1258.74 209.58616616799569 47 0 0.775356 0 0 Cavity_Field_Sect_5 1
DRIFT 270.638 47 0 0 0
FIELD_MAP 100 1258.74 338.7304691322382 47 0 0.775356 0 0 Cavity_Field_Sect_5 1
DRIFT 270.638 47 0 0 0
FIELD_MAP 100 1258.74 109.62821192252393 47 0 0.775356 0 0 Cavity_Field_Sect_5 1
DRIFT 270.638 47 0 0 0
FIELD_MAP 100 1258.74 242.24104742431518 47 0 0.775356 0 0 Cavity_Field_Sect_5 1
DRIFT 270.638 47 0 0 0
FIELD_MAP 100 1258.74 16.53168411537412 47 0 0.775356 0 0 Cavity_Field_Sect_5 1
DRIFT 385.319 47 0 0 0
DRIFT 400 47 0 0 0
QUAD 300 6.26175 35 0 0 0 0 0 0
DRIFT 200 47 0 0 0
DRIFT 200 47 0 0 0
QUAD 300 -6.24668 35 0 0 0 0 0 0
DRIFT 400 47 0 0 0
DRIFT 385.319 47 0 0 0
FIELD_MAP 100 1258.74 351.5848275489773 47 0 0.775356 0 0 Cavity_Field_Sect_5 1
DRIFT 270.638 47 0 0 0
FIELD_MAP 100 1258.74 129.12507430792266 47 0 0.775356 0 0 Cavity_Field_Sect_5 1
DRIFT 270.638 47 0 0 0
FIELD_MAP 100 1258.74 268.23885231621193 47 0 0.775356 0 0 Cavity_Field_Sect_5 1
DRIFT 270.638 47 0 0 0
FIELD_MAP 100 1258.74 48.89277079042084 47 0 0.775356 0 0 Cavity_Field_Sect_5 1
DRIFT 270.638 47 0 0 0
FIELD_MAP 100 1258.74 191.05435185018527 47 0 0.775356 0 0 Cavity_Field_Sect_5 1
DRIFT 385.319 47 0 0 0
DRIFT 400 47 0 0 0
QUAD 300 6.10277 35 0 0 0 0 0 0
DRIFT 200 47 0 0 0
DRIFT 200 47 0 0 0
QUAD 300 -6.08829 35 0 0 0 0 0 0
DRIFT 400 47 0 0 0
DRIFT 385.319 47 0 0 0
FIELD_MAP 100 1258.74 185.37860485825334 47 0 0.775356 0 0 Cavity_Field_Sect_5 1
DRIFT 270.638 47 0 0 0
FIELD_MAP 100 1258.74 330.4629395293708 47 0 0.775356 0 0 Cavity_Field_Sect_5 1
DRIFT 270.638 47 0 0 0
FIELD_MAP 100 1258.74 116.96387271899212 47 0 0.775356 0 0 Cavity_Field_Sect_5 1
DRIFT 270.638 47 0 0 0
FIELD_MAP 100 1258.74 264.8522614187545 47 0 0.775356 0 0 Cavity_Field_Sect_5 1
DRIFT 270.638 47 0 0 0
FIELD_MAP 100 1258.74 54.09972304413169 47 0 0.775356 0 0 Cavity_Field_Sect_5 1
DRIFT 385.319 47 0 0 0
DRIFT 400 47 0 0 0
END
