FIELD_MAP_PATH ./field_maps_1D
LATTICE 10 0
FREQ 352.2
QUAD 200 5.04539 100 0 0 0 0 0 0
DRIFT 150 100 0 0 0
QUAD 200 -5.06372 100 0 0 0 0 0 0
DRIFT 150 100 0 0 0
DRIFT 589.42 30 0 0 0
FIELD_MAP 100 415.16 200.6137249409311 30 0 1.72733 0 0 Simple_Spoke_1D 1
DRIFT 264.84 30 0 0 0
FIELD_MAP 100 415.16 232.43276921832995 30 0 1.72733 0 0 Simple_Spoke_1D 1
DRIFT 505.42 30 0 0 0
DRIFT 150 100 0 0 0
QUAD 200 5.1273 100 0 0 0 0 0 0
DRIFT 150 100 0 0 0
QUAD 200 -5.14444 100 0 0 0 0 0 0
DRIFT 150 100 0 0 0
DRIFT 589.42 30 0 0 0
FIELD_MAP 100 415.16 165.322342539266 30 0 1.70258 0 0 Simple_Spoke_1D 1
DRIFT 264.84 30 0 0 0
FIELD_MAP 100 415.16 197.3604152122931 30 0 1.70258 0 0 Simple_Spoke_1D 1
DRIFT 505.42 30 0 0 0
DRIFT 150 100 0 0 0
QUAD 200 5.216 100 0 0 0 0 0 0
DRIFT 150 100 0 0 0
QUAD 200 -5.23181 100 0 0 0 0 0 0
DRIFT 150 100 0 0 0
DRIFT 589.42 30 0 0 0
FIELD_MAP 100 415.16 130.68335228077532 30 0 1.68999 0 0 Simple_Spoke_1D 1
DRIFT 264.84 30 0 0 0
FIELD_MAP 100 415.16 162.96469226856195 30 0 1.68999 0 0 Simple_Spoke_1D 1
DRIFT 505.42 30 0 0 0
DRIFT 150 100 0 0 0
QUAD 200 5.31229 100 0 0 0 0 0 0
DRIFT 150 100 0 0 0
QUAD 200 -5.32664 100 0 0 0 0 0 0
DRIFT 150 100 0 0 0
DRIFT 589.42 30 0 0 0
FIELD_MAP 100 415.16 96.74459729282407 30 0 1.68927 0 0 Simple_Spoke_1D 1
DRIFT 264.84 30 0 0 0
FIELD_MAP 100 415.16 129.29435773043892 30 0 1.68927 0 0 Simple_Spoke_1D 1
DRIFT 505.42 30 0 0 0
DRIFT 150 100 0 0 0
QUAD 200 5.41752 100 0 0 0 0 0 0
DRIFT 150 100 0 0 0
QUAD 200 -5.43033 100 0 0 0 0 0 0
DRIFT 150 100 0 0 0
DRIFT 589.42 30 0 0 0
FIELD_MAP 100 415.16 63.57654581432659 30 0 1.70137 0 0 Simple_Spoke_1D 1
DRIFT 264.84 30 0 0 0
FIELD_MAP 100 415.16 96.41754517635748 30 0 1.70137 0 0 Simple_Spoke_1D 1
DRIFT 505.42 30 0 0 0
DRIFT 150 100 0 0 0
QUAD 200 5.53264 100 0 0 0 0 0 0
DRIFT 150 100 0 0 0
QUAD 200 -5.54373 100 0 0 0 0 0 0
DRIFT 150 100 0 0 0
DRIFT 589.42 30 0 0 0
FIELD_MAP 100 415.16 31.246168478199962 30 0 1.72779 0 0 Simple_Spoke_1D 1
DRIFT 264.84 30 0 0 0
FIELD_MAP 100 415.16 64.40261236698788 30 0 1.72779 0 0 Simple_Spoke_1D 1
DRIFT 505.42 30 0 0 0
DRIFT 150 100 0 0 0
QUAD 200 5.65958 100 0 0 0 0 0 0
DRIFT 150 100 0 0 0
QUAD 200 -5.66872 100 0 0 0 0 0 0
DRIFT 150 100 0 0 0
DRIFT 589.42 30 0 0 0
FIELD_MAP 100 415.16 359.81753580426664 30 0 1.77078 0 0 Simple_Spoke_1D 1
DRIFT 264.84 30 0 0 0
FIELD_MAP 100 415.16 33.317657580417986 30 0 1.77078 0 0 Simple_Spoke_1D 1
DRIFT 505.42 30 0 0 0
DRIFT 150 100 0 0 0
QUAD 200 5.80027 100 0 0 0 0 0 0
DRIFT 150 100 0 0 0
QUAD 200 -5.80717 100 0 0 0 0 0 0
DRIFT 150 100 0 0 0
DRIFT 589.42 30 0 0 0
FIELD_MAP 100 415.16 329.3530031294982 30 0 1.83352 0 0 Simple_Spoke_1D 1
DRIFT 264.84 30 0 0 0
FIELD_MAP 100 415.16 3.223595490469617 30 0 1.83352 0 0 Simple_Spoke_1D 1
DRIFT 505.42 30 0 0 0
DRIFT 150 100 0 0 0
QUAD 200 5.95721 100 0 0 0 0 0 0
DRIFT 150 100 0 0 0
QUAD 200 -5.96148 100 0 0 0 0 0 0
DRIFT 150 100 0 0 0
DRIFT 589.42 30 0 0 0
FIELD_MAP 100 415.16 299.91082771343184 30 0 1.92063 0 0 Simple_Spoke_1D 1
DRIFT 264.84 30 0 0 0
FIELD_MAP 100 415.16 334.1826265346693 30 0 1.92063 0 0 Simple_Spoke_1D 1
DRIFT 505.42 30 0 0 0
DRIFT 150 100 0 0 0
QUAD 200 6.13371 100 0 0 0 0 0 0
DRIFT 150 100 0 0 0
QUAD 200 -6.1348 100 0 0 0 0 0 0
DRIFT 150 100 0 0 0
DRIFT 589.42 30 0 0 0
FIELD_MAP 100 415.16 271.5440296273261 30 0 2.03893 0 0 Simple_Spoke_1D 1
DRIFT 264.84 30 0 0 0
FIELD_MAP 100 415.16 306.2499000129606 30 0 2.03893 0 0 Simple_Spoke_1D 1
DRIFT 505.42 30 0 0 0
DRIFT 150 100 0 0 0
QUAD 200 6.33943 100 0 0 0 0 0 0
DRIFT 150 100 0 0 0
QUAD 200 -6.33594 100 0 0 0 0 0 0
DRIFT 150 100 0 0 0
DRIFT 589.42 30 0 0 0
FIELD_MAP 100 415.16 244.3012273481329 30 0 2.19846 0 0 Simple_Spoke_1D 1
DRIFT 264.84 30 0 0 0
FIELD_MAP 100 415.16 279.47907212509494 30 0 2.19846 0 0 Simple_Spoke_1D 1
DRIFT 505.42 30 0 0 0
DRIFT 150 100 0 0 0
QUAD 200 6.5638 100 0 0 0 0 0 0
DRIFT 150 100 0 0 0
QUAD 200 -6.55601 100 0 0 0 0 0 0
DRIFT 150 100 0 0 0
DRIFT 589.42 30 0 0 0
FIELD_MAP 100 415.16 218.2259818179447 30 0 2.41461 0 0 Simple_Spoke_1D 1
DRIFT 264.84 30 0 0 0
FIELD_MAP 100 415.16 253.91724628630837 30 0 2.41461 0 0 Simple_Spoke_1D 1
DRIFT 505.42 30 0 0 0
DRIFT 150 100 0 0 0
QUAD 200 6.83077 100 0 0 0 0 0 0
DRIFT 150 100 0 0 0
QUAD 200 -6.81653 100 0 0 0 0 0 0
DRIFT 150 100 0 0 0
DRIFT 589.42 30 0 0 0
FIELD_MAP 100 415.16 193.35000359551287 30 0 2.71181 0 0 Simple_Spoke_1D 1
DRIFT 264.84 30 0 0 0
FIELD_MAP 100 415.16 229.60760171790776 30 0 2.71181 0 0 Simple_Spoke_1D 1
DRIFT 505.42 30 0 0 0
DRIFT 150 100 0 0 0
QUAD 200 7.09593 100 0 0 0 0 0 0
DRIFT 150 100 0 0 0
QUAD 200 -7.08323 100 0 0 0 0 0 0
DRIFT 150 100 0 0 0
DRIFT 589.42 30 0 0 0
FIELD_MAP 100 415.16 169.6756283640549 30 0 3.03726 0 0 Simple_Spoke_1D 1
DRIFT 264.84 30 0 0 0
FIELD_MAP 100 415.16 0.0 30 0 3.6447119999999997 0 0 Simple_Spoke_1D 1
DRIFT 505.42 30 0 0 0
DRIFT 150 100 0 0 0
QUAD 200 7.25857 100 0 0 0 0 0 0
DRIFT 150 100 0 0 0
QUAD 200 -7.22332 100 0 0 0 0 0 0
DRIFT 150 100 0 0 0
DRIFT 589.42 30 0 0 0
FIELD_MAP 100 415.16 0.0 30 0 1.51863 0 0 Simple_Spoke_1D 1
DRIFT 264.84 30 0 0 0
FIELD_MAP 100 415.16 0.0 30 0 1.51863 0 0 Simple_Spoke_1D 1
DRIFT 505.42 30 0 0 0
DRIFT 150 100 0 0 0
QUAD 200 7.35925 100 0 0 0 0 0 0
DRIFT 150 100 0 0 0
QUAD 200 -7.32928 100 0 0 0 0 0 0
DRIFT 150 100 0 0 0
DRIFT 589.42 30 0 0 0
FIELD_MAP 100 415.16 120.60203629715993 30 0 0.0 0 0 Simple_Spoke_1D 1
DRIFT 264.84 30 0 0 0
FIELD_MAP 100 415.16 0.0 30 0 1.51863 0 0 Simple_Spoke_1D 1
DRIFT 505.42 30 0 0 0
DRIFT 150 100 0 0 0
QUAD 200 7.53462 100 0 0 0 0 0 0
DRIFT 150 100 0 0 0
QUAD 200 -7.50211 100 0 0 0 0 0 0
DRIFT 150 100 0 0 0
DRIFT 589.42 30 0 0 0
FIELD_MAP 100 415.16 131.41270747246242 30 0 3.6447119999999997 0 0 Simple_Spoke_1D 1
DRIFT 264.84 30 0 0 0
FIELD_MAP 100 415.16 160.224784012655 30 0 3.6447119999999997 0 0 Simple_Spoke_1D 1
DRIFT 505.42 30 0 0 0
DRIFT 150 100 0 0 0
QUAD 200 7.73 100 0 0 0 0 0 0
DRIFT 150 100 0 0 0
QUAD 200 -7.69507 100 0 0 0 0 0 0
DRIFT 150 100 0 0 0
DRIFT 589.42 30 0 0 0
FIELD_MAP 100 415.16 63.91685163305026 30 0 3.03726 0 0 Simple_Spoke_1D 1
DRIFT 264.84 30 0 0 0
FIELD_MAP 100 415.16 97.78471872420579 30 0 3.03726 0 0 Simple_Spoke_1D 1
DRIFT 505.42 30 0 0 0
DRIFT 150 100 0 0 0
QUAD 200 7.79466 100 0 0 0 0 0 0
DRIFT 150 100 0 0 0
QUAD 200 -7.7588 100 0 0 0 0 0 0
DRIFT 150 100 0 0 0
DRIFT 589.42 30 0 0 0
FIELD_MAP 100 415.16 32.81697961524048 30 0 3.03726 0 0 Simple_Spoke_1D 1
DRIFT 264.84 30 0 0 0
FIELD_MAP 100 415.16 66.024930518878 30 0 3.03726 0 0 Simple_Spoke_1D 1
DRIFT 505.42 30 0 0 0
DRIFT 150 100 0 0 0
QUAD 200 7.83985 100 0 0 0 0 0 0
DRIFT 150 100 0 0 0
QUAD 200 -7.8037 100 0 0 0 0 0 0
DRIFT 150 100 0 0 0
DRIFT 589.42 30 0 0 0
FIELD_MAP 100 415.16 359.9549980395307 30 0 3.03726 0 0 Simple_Spoke_1D 1
DRIFT 264.84 30 0 0 0
FIELD_MAP 100 415.16 32.54765688371285 30 0 3.03726 0 0 Simple_Spoke_1D 1
DRIFT 505.42 30 0 0 0
DRIFT 150 100 0 0 0
QUAD 200 7.8653 100 0 0 0 0 0 0
DRIFT 150 100 0 0 0
QUAD 200 -7.82937 100 0 0 0 0 0 0
DRIFT 150 100 0 0 0
DRIFT 589.42 30 0 0 0
FIELD_MAP 100 415.16 325.4208701082101 30 0 3.03726 0 0 Simple_Spoke_1D 1
DRIFT 264.84 30 0 0 0
FIELD_MAP 100 415.16 357.445152087369 30 0 3.03726 0 0 Simple_Spoke_1D 1
DRIFT 505.42 30 0 0 0
DRIFT 150 100 0 0 0
QUAD 200 7.87141 100 0 0 0 0 0 0
DRIFT 150 100 0 0 0
QUAD 200 -7.83599 100 0 0 0 0 0 0
DRIFT 150 100 0 0 0
DRIFT 589.42 30 0 0 0
FIELD_MAP 100 415.16 289.312953116842 30 0 3.03726 0 0 Simple_Spoke_1D 1
DRIFT 264.84 30 0 0 0
FIELD_MAP 100 415.16 320.8154746148244 30 0 3.03726 0 0 Simple_Spoke_1D 1
DRIFT 505.42 30 0 0 0
DRIFT 150 100 0 0 0
QUAD 200 7.85867 100 0 0 0 0 0 0
DRIFT 150 100 0 0 0
QUAD 200 -7.82407 100 0 0 0 0 0 0
DRIFT 150 100 0 0 0
DRIFT 589.42 30 0 0 0
FIELD_MAP 100 415.16 251.73719060872077 30 0 3.03726 0 0 Simple_Spoke_1D 1
DRIFT 264.84 30 0 0 0
FIELD_MAP 100 415.16 282.76247015499524 30 0 3.03726 0 0 Simple_Spoke_1D 1
DRIFT 505.42 30 0 0 0
DRIFT 150 100 0 0 0
QUAD 200 7.82676 100 0 0 0 0 0 0
DRIFT 150 100 0 0 0
QUAD 200 -7.79319 100 0 0 0 0 0 0
DRIFT 150 100 0 0 0
DRIFT 589.42 30 0 0 0
FIELD_MAP 100 415.16 212.7977663564735 30 0 3.03726 0 0 Simple_Spoke_1D 1
DRIFT 264.84 30 0 0 0
FIELD_MAP 100 415.16 243.38920980175644 30 0 3.03726 0 0 Simple_Spoke_1D 1
DRIFT 505.42 30 0 0 0
DRIFT 150 100 0 0 0
QUAD 200 7.77647 100 0 0 0 0 0 0
DRIFT 150 100 0 0 0
QUAD 200 -7.74405 100 0 0 0 0 0 0
DRIFT 150 100 0 0 0
DRIFT 589.42 30 0 0 0
FIELD_MAP 100 415.16 172.6018861078647 30 0 3.03726 0 0 Simple_Spoke_1D 1
DRIFT 264.84 30 0 0 0
FIELD_MAP 100 415.16 202.79781138631904 30 0 3.03726 0 0 Simple_Spoke_1D 1
DRIFT 505.42 30 0 0 0
DRIFT 150 100 0 0 0
QUAD 200 7.70911 100 0 0 0 0 0 0
DRIFT 150 100 0 0 0
QUAD 200 -7.67788 100 0 0 0 0 0 0
DRIFT 150 100 0 0 0
DRIFT 589.42 30 0 0 0
FIELD_MAP 100 415.16 131.2493445308606 30 0 3.03726 0 0 Simple_Spoke_1D 1
DRIFT 264.84 30 0 0 0
FIELD_MAP 100 415.16 161.08624152328295 30 0 3.03726 0 0 Simple_Spoke_1D 1
DRIFT 505.42 30 0 0 0
DRIFT 150 100 0 0 0
QUAD 200 7.62305 100 0 0 0 0 0 0
DRIFT 150 100 0 0 0
QUAD 200 -7.59318 100 0 0 0 0 0 0
DRIFT 150 100 0 0 0
DRIFT 589.42 30 0 0 0
FIELD_MAP 100 415.16 88.83825327914528 30 0 3.03726 0 0 Simple_Spoke_1D 1
DRIFT 264.84 30 0 0 0
FIELD_MAP 100 415.16 118.3503872480826 30 0 3.03726 0 0 Simple_Spoke_1D 1
DRIFT 505.42 30 0 0 0
DRIFT 150 100 0 0 0
QUAD 200 7.52011 100 0 0 0 0 0 0
DRIFT 150 100 0 0 0
QUAD 200 -7.49161 100 0 0 0 0 0 0
DRIFT 150 100 0 0 0
DRIFT 589.42 30 0 0 0
FIELD_MAP 100 415.16 45.46047900492096 30 0 3.03726 0 0 Simple_Spoke_1D 1
DRIFT 264.84 30 0 0 0
FIELD_MAP 100 415.16 74.67758749904723 30 0 3.03726 0 0 Simple_Spoke_1D 1
DRIFT 505.42 30 0 0 0
DRIFT 150 100 0 0 0
QUAD 200 7.4013 100 0 0 0 0 0 0
DRIFT 150 100 0 0 0
QUAD 200 -7.37411 100 0 0 0 0 0 0
DRIFT 150 100 0 0 0
DRIFT 589.42 30 0 0 0
FIELD_MAP 100 415.16 1.2024388227559082 30 0 3.03726 0 0 Simple_Spoke_1D 1
DRIFT 264.84 30 0 0 0
FIELD_MAP 100 415.16 30.15349725352478 30 0 3.03726 0 0 Simple_Spoke_1D 1
DRIFT 505.42 30 0 0 0
DRIFT 150 100 0 0 0
QUAD 200 7.24495 100 0 0 0 0 0 0
DRIFT 150 100 0 0 0
QUAD 200 -7.32003 100 0 0 0 0 0 0
DRIFT 150 100 0 0 0
DRIFT 589.42 30 0 0 0
FIELD_MAP 100 415.16 310.64119197086006 30 0 3.03726 0 0 Simple_Spoke_1D 1
DRIFT 264.84 30 0 0 0
FIELD_MAP 100 415.16 341.75438418206545 30 0 3.03726 0 0 Simple_Spoke_1D 1
DRIFT 505.42 30 0 0 0
DRIFT 150 100 0 0 0
LATTICE 10 0
FREQ 352.2
QUAD 300 4.53593 100 0 0 0 0 0 0
DRIFT 200 100 0 0 0
QUAD 300 -4.50027 100 0 0 0 0 0 0
DRIFT 150 100 0 0 0
DRIFT 642.1 40 0 0 0
FIELD_MAP 100 636 283.58064795903005 40 0 3.20001 0 0 2_spokeESS 1
DRIFT 464.2 40 0 0 0
FIELD_MAP 100 636 105.67606640397767 40 0 3.20001 0 0 2_spokeESS 1
DRIFT 552.1 40 0 0 0
DRIFT 150 100 0 0 0
QUAD 300 4.73219 100 0 0 0 0 0 0
DRIFT 200 100 0 0 0
QUAD 300 -4.71495 100 0 0 0 0 0 0
DRIFT 150 100 0 0 0
DRIFT 642.1 40 0 0 0
FIELD_MAP 100 636 115.42386987759713 40 0 4.45899 0 0 2_spokeESS 1
DRIFT 464.2 40 0 0 0
FIELD_MAP 100 636 300.3577869139017 40 0 4.45899 0 0 2_spokeESS 1
DRIFT 552.1 40 0 0 0
DRIFT 150 100 0 0 0
QUAD 300 4.70313 100 0 0 0 0 0 0
DRIFT 200 100 0 0 0
QUAD 300 -4.68365 100 0 0 0 0 0 0
DRIFT 150 100 0 0 0
DRIFT 642.1 40 0 0 0
FIELD_MAP 100 636 308.2034922096724 40 0 4.45899 0 0 2_spokeESS 1
DRIFT 464.2 40 0 0 0
FIELD_MAP 100 636 132.31070187985284 40 0 4.45899 0 0 2_spokeESS 1
DRIFT 552.1 40 0 0 0
DRIFT 150 100 0 0 0
QUAD 300 4.72075 100 0 0 0 0 0 0
DRIFT 200 100 0 0 0
QUAD 300 -4.6997 100 0 0 0 0 0 0
DRIFT 150 100 0 0 0
DRIFT 642.1 40 0 0 0
FIELD_MAP 100 636 137.29249999796696 40 0 4.45899 0 0 2_spokeESS 1
DRIFT 464.2 40 0 0 0
FIELD_MAP 100 636 320.6039104036913 40 0 4.45899 0 0 2_spokeESS 1
DRIFT 552.1 40 0 0 0
DRIFT 150 100 0 0 0
QUAD 300 4.70028 100 0 0 0 0 0 0
DRIFT 200 100 0 0 0
QUAD 300 -4.67981 100 0 0 0 0 0 0
DRIFT 150 100 0 0 0
DRIFT 642.1 40 0 0 0
FIELD_MAP 100 636 324.4523457032406 40 0 4.45899 0 0 2_spokeESS 1
DRIFT 464.2 40 0 0 0
FIELD_MAP 100 636 147.04672803841922 40 0 4.45899 0 0 2_spokeESS 1
DRIFT 552.1 40 0 0 0
DRIFT 150 100 0 0 0
QUAD 300 4.66681 100 0 0 0 0 0 0
DRIFT 200 100 0 0 0
QUAD 300 -4.6452 100 0 0 0 0 0 0
DRIFT 150 100 0 0 0
DRIFT 642.1 40 0 0 0
FIELD_MAP 100 636 149.52290224795013 40 0 4.45899 0 0 2_spokeESS 1
DRIFT 464.2 40 0 0 0
FIELD_MAP 100 636 331.47273955049656 40 0 4.45899 0 0 2_spokeESS 1
DRIFT 552.1 40 0 0 0
DRIFT 150 100 0 0 0
QUAD 300 4.63235 100 0 0 0 0 0 0
DRIFT 200 100 0 0 0
QUAD 300 -4.61098 100 0 0 0 0 0 0
DRIFT 150 100 0 0 0
DRIFT 642.1 40 0 0 0
FIELD_MAP 100 636 332.72355721126206 40 0 4.45899 0 0 2_spokeESS 1
DRIFT 464.2 40 0 0 0
FIELD_MAP 100 636 154.10325665977135 40 0 4.45899 0 0 2_spokeESS 1
DRIFT 552.1 40 0 0 0
DRIFT 150 100 0 0 0
QUAD 300 4.56838 100 0 0 0 0 0 0
DRIFT 200 100 0 0 0
QUAD 300 -4.54715 100 0 0 0 0 0 0
DRIFT 150 100 0 0 0
DRIFT 642.1 40 0 0 0
FIELD_MAP 100 636 154.2006446181227 40 0 4.45899 0 0 2_spokeESS 1
DRIFT 464.2 40 0 0 0
FIELD_MAP 100 636 335.0785032998836 40 0 4.45899 0 0 2_spokeESS 1
DRIFT 552.1 40 0 0 0
DRIFT 150 100 0 0 0
QUAD 300 4.22147 100 0 0 0 0 0 0
DRIFT 200 100 0 0 0
QUAD 300 -4.32084 100 0 0 0 0 0 0
DRIFT 150 100 0 0 0
DRIFT 642.1 40 0 0 0
FIELD_MAP 100 636 328.7488746733203 40 0 4.45899 0 0 2_spokeESS 1
DRIFT 464.2 40 0 0 0
FIELD_MAP 100 636 154.76808771641785 40 0 4.45899 0 0 2_spokeESS 1
DRIFT 552.1 40 0 0 0
DRIFT 150 100 0 0 0
LATTICE 14 0
FREQ 704.4
QUAD 400 3.89774 100 0 0 0 0 0 0
DRIFT 200 100 0 0 0
QUAD 400 -3.85522 100 0 0 0 0 0 0
DRIFT 150 100 0 0 0
DRIFT 385 45 0 0 0
FIELD_MAP 100 1050 338.1537821700037 45 0 1.50004 0 0 beta065_1D 1
DRIFT 130 45 0 0 0
FIELD_MAP 100 1050 245.91541625557792 45 0 1.50001 0 0 beta065_1D 1
DRIFT 130 45 0 0 0
FIELD_MAP 100 1050 160.91447540790406 45 0 2.21284 0 0 beta065_1D 1
DRIFT 130 45 0 0 0
FIELD_MAP 100 1050 83.79269767667536 45 0 2.5 0 0 beta065_1D 1
DRIFT 445 45 0 0 0
DRIFT 150 100 0 0 0
QUAD 400 4.32695 100 0 0 0 0 0 0
DRIFT 200 100 0 0 0
QUAD 400 -4.38498 100 0 0 0 0 0 0
DRIFT 150 100 0 0 0
DRIFT 385 45 0 0 0
FIELD_MAP 100 1050 207.3701918354821 45 0 2.9917 0 0 beta065_1D 1
DRIFT 130 45 0 0 0
FIELD_MAP 100 1050 128.79939224185748 45 0 2.9917 0 0 beta065_1D 1
DRIFT 130 45 0 0 0
FIELD_MAP 100 1050 50.823454952983 45 0 2.9917 0 0 beta065_1D 1
DRIFT 130 45 0 0 0
FIELD_MAP 100 1050 333.437305461597 45 0 2.9917 0 0 beta065_1D 1
DRIFT 445 45 0 0 0
DRIFT 150 100 0 0 0
QUAD 400 4.59279 100 0 0 0 0 0 0
DRIFT 200 100 0 0 0
QUAD 400 -4.63625 100 0 0 0 0 0 0
DRIFT 150 100 0 0 0
DRIFT 385 45 0 0 0
FIELD_MAP 100 1050 95.65861992042933 45 0 4.65375 0 0 beta065_1D 1
DRIFT 130 45 0 0 0
FIELD_MAP 100 1050 21.256538396837655 45 0 4.65375 0 0 beta065_1D 1
DRIFT 130 45 0 0 0
FIELD_MAP 100 1050 307.73776399983586 45 0 4.65375 0 0 beta065_1D 1
DRIFT 130 45 0 0 0
FIELD_MAP 100 1050 235.07276875307 45 0 4.65375 0 0 beta065_1D 1
DRIFT 445 45 0 0 0
DRIFT 150 100 0 0 0
QUAD 400 4.92003 100 0 0 0 0 0 0
DRIFT 200 100 0 0 0
QUAD 400 -4.96245 100 0 0 0 0 0 0
DRIFT 150 100 0 0 0
DRIFT 385 45 0 0 0
FIELD_MAP 100 1050 7.22931649120278 45 0 5.35104 0 0 beta065_1D 1
DRIFT 130 45 0 0 0
FIELD_MAP 100 1050 297.0346494767317 45 0 5.35104 0 0 beta065_1D 1
DRIFT 130 45 0 0 0
FIELD_MAP 100 1050 227.6606420566076 45 0 5.35104 0 0 beta065_1D 1
DRIFT 130 45 0 0 0
FIELD_MAP 100 1050 159.03799938980137 45 0 5.35104 0 0 beta065_1D 1
DRIFT 445 45 0 0 0
DRIFT 150 100 0 0 0
QUAD 400 5.15756 100 0 0 0 0 0 0
DRIFT 200 100 0 0 0
QUAD 400 -5.19443 100 0 0 0 0 0 0
DRIFT 150 100 0 0 0
DRIFT 385 45 0 0 0
FIELD_MAP 100 1050 298.1400938279387 45 0 5.59666 0 0 beta065_1D 1
DRIFT 130 45 0 0 0
FIELD_MAP 100 1050 231.11529939162625 45 0 5.59666 0 0 beta065_1D 1
DRIFT 130 45 0 0 0
FIELD_MAP 100 1050 164.60569171914017 45 0 5.59666 0 0 beta065_1D 1
DRIFT 130 45 0 0 0
FIELD_MAP 100 1050 98.50889430023692 45 0 5.59666 0 0 beta065_1D 1
DRIFT 445 45 0 0 0
DRIFT 150 100 0 0 0
QUAD 400 5.43969 100 0 0 0 0 0 0
DRIFT 200 100 0 0 0
QUAD 400 -5.4686 100 0 0 0 0 0 0
DRIFT 150 100 0 0 0
DRIFT 385 45 0 0 0
FIELD_MAP 100 1050 242.31016708156898 45 0 6.0134 0 0 beta065_1D 1
DRIFT 130 45 0 0 0
FIELD_MAP 100 1050 177.21897999602416 45 0 6.0134 0 0 beta065_1D 1
DRIFT 130 45 0 0 0
FIELD_MAP 100 1050 112.20139838825995 45 0 6.0134 0 0 beta065_1D 1
DRIFT 130 45 0 0 0
FIELD_MAP 100 1050 47.12950311853471 45 0 6.0134 0 0 beta065_1D 1
DRIFT 445 45 0 0 0
DRIFT 150 100 0 0 0
QUAD 400 5.69671 100 0 0 0 0 0 0
DRIFT 200 100 0 0 0
QUAD 400 -5.71419 100 0 0 0 0 0 0
DRIFT 150 100 0 0 0
DRIFT 385 45 0 0 0
FIELD_MAP 100 1050 191.57637190094908 45 0 6.67386 0 0 beta065_1D 1
DRIFT 130 45 0 0 0
FIELD_MAP 100 1050 126.71899313018974 45 0 6.67386 0 0 beta065_1D 1
DRIFT 130 45 0 0 0
FIELD_MAP 100 1050 61.337912090893475 45 0 6.67386 0 0 beta065_1D 1
DRIFT 130 45 0 0 0
FIELD_MAP 100 1050 355.2880655743137 45 0 6.67386 0 0 beta065_1D 1
DRIFT 445 45 0 0 0
DRIFT 150 100 0 0 0
QUAD 400 5.79481 100 0 0 0 0 0 0
DRIFT 200 100 0 0 0
QUAD 400 -5.7978 100 0 0 0 0 0 0
DRIFT 150 100 0 0 0
DRIFT 385 45 0 0 0
FIELD_MAP 100 1050 134.35399248091906 45 0 6.67386 0 0 beta065_1D 1
DRIFT 130 45 0 0 0
FIELD_MAP 100 1050 66.61152987518248 45 0 6.67386 0 0 beta065_1D 1
DRIFT 130 45 0 0 0
FIELD_MAP 100 1050 357.803495998114 45 0 6.67386 0 0 beta065_1D 1
DRIFT 130 45 0 0 0
FIELD_MAP 100 1050 287.8305664798129 45 0 6.67386 0 0 beta065_1D 1
DRIFT 445 45 0 0 0
DRIFT 150 100 0 0 0
QUAD 400 5.88215 100 0 0 0 0 0 0
DRIFT 200 100 0 0 0
QUAD 400 -5.87305 100 0 0 0 0 0 0
DRIFT 150 100 0 0 0
DRIFT 385 45 0 0 0
FIELD_MAP 100 1050 54.971949180321 45 0 6.67386 0 0 beta065_1D 1
DRIFT 130 45 0 0 0
FIELD_MAP 100 1050 342.4498420455226 45 0 6.67386 0 0 beta065_1D 1
DRIFT 130 45 0 0 0
FIELD_MAP 100 1050 268.54887060769477 45 0 6.67386 0 0 beta065_1D 1
DRIFT 130 45 0 0 0
FIELD_MAP 100 1050 193.23137005241534 45 0 6.67386 0 0 beta065_1D 1
DRIFT 445 45 0 0 0
DRIFT 150 100 0 0 0
QUAD 400 5.93256 100 0 0 0 0 0 0
DRIFT 200 100 0 0 0
QUAD 400 -5.9144 100 0 0 0 0 0 0
DRIFT 150 100 0 0 0
DRIFT 385 45 0 0 0
FIELD_MAP 100 1050 306.34042196330836 45 0 6.67386 0 0 beta065_1D 1
DRIFT 130 45 0 0 0
FIELD_MAP 100 1050 228.15906929016137 45 0 6.67386 0 0 beta065_1D 1
DRIFT 130 45 0 0 0
FIELD_MAP 100 1050 148.54130165884763 45 0 6.67386 0 0 beta065_1D 1
DRIFT 130 45 0 0 0
FIELD_MAP 100 1050 67.51128051770067 45 0 6.67386 0 0 beta065_1D 1
DRIFT 445 45 0 0 0
DRIFT 150 100 0 0 0
QUAD 400 5.95787 100 0 0 0 0 0 0
DRIFT 200 100 0 0 0
QUAD 400 -5.93369 100 0 0 0 0 0 0
DRIFT 150 100 0 0 0
DRIFT 385 45 0 0 0
FIELD_MAP 100 1050 166.0814271323387 45 0 6.67386 0 0 beta065_1D 1
DRIFT 130 45 0 0 0
FIELD_MAP 100 1050 82.35271316240964 45 0 6.67386 0 0 beta065_1D 1
DRIFT 130 45 0 0 0
FIELD_MAP 100 1050 357.35459540103824 45 0 6.67386 0 0 beta065_1D 1
DRIFT 130 45 0 0 0
FIELD_MAP 100 1050 271.1535280282884 45 0 6.67386 0 0 beta065_1D 1
DRIFT 445 45 0 0 0
DRIFT 150 100 0 0 0
QUAD 400 5.95473 100 0 0 0 0 0 0
DRIFT 200 100 0 0 0
QUAD 400 -5.92701 100 0 0 0 0 0 0
DRIFT 150 100 0 0 0
DRIFT 385 45 0 0 0
FIELD_MAP 100 1050 357.33455549189637 45 0 6.67386 0 0 beta065_1D 1
DRIFT 130 45 0 0 0
FIELD_MAP 100 1050 268.9570364022987 45 0 6.67386 0 0 beta065_1D 1
DRIFT 130 45 0 0 0
FIELD_MAP 100 1050 179.61683609794596 45 0 6.67386 0 0 beta065_1D 1
DRIFT 130 45 0 0 0
FIELD_MAP 100 1050 89.4031150124315 45 0 6.67386 0 0 beta065_1D 1
DRIFT 445 45 0 0 0
DRIFT 150 100 0 0 0
QUAD 400 5.91289 100 0 0 0 0 0 0
DRIFT 200 100 0 0 0
QUAD 400 -5.88355 100 0 0 0 0 0 0
DRIFT 150 100 0 0 0
DRIFT 385 45 0 0 0
FIELD_MAP 100 1050 166.8353354181827 45 0 6.67386 0 0 beta065_1D 1
DRIFT 130 45 0 0 0
FIELD_MAP 100 1050 75.14855712113814 45 0 6.67386 0 0 beta065_1D 1
DRIFT 130 45 0 0 0
FIELD_MAP 100 1050 342.86291974904424 45 0 6.67386 0 0 beta065_1D 1
DRIFT 130 45 0 0 0
FIELD_MAP 100 1050 250.07211830609367 45 0 6.67386 0 0 beta065_1D 1
DRIFT 445 45 0 0 0
DRIFT 150 100 0 0 0
QUAD 400 5.83445 100 0 0 0 0 0 0
DRIFT 200 100 0 0 0
QUAD 400 -5.80484 100 0 0 0 0 0 0
DRIFT 150 100 0 0 0
DRIFT 385 45 0 0 0
FIELD_MAP 100 1050 322.5854979312348 45 0 6.67386 0 0 beta065_1D 1
DRIFT 130 45 0 0 0
FIELD_MAP 100 1050 229.05178397137072 45 0 6.67386 0 0 beta065_1D 1
DRIFT 130 45 0 0 0
FIELD_MAP 100 1050 135.27599989821798 45 0 6.67386 0 0 beta065_1D 1
DRIFT 130 45 0 0 0
FIELD_MAP 100 1050 41.341394357837885 45 0 6.67386 0 0 beta065_1D 1
DRIFT 445 45 0 0 0
DRIFT 150 100 0 0 0
QUAD 400 5.72093 100 0 0 0 0 0 0
DRIFT 200 100 0 0 0
QUAD 400 -5.69193 100 0 0 0 0 0 0
DRIFT 150 100 0 0 0
DRIFT 385 45 0 0 0
FIELD_MAP 100 1050 112.58811961690749 45 0 6.67386 0 0 beta065_1D 1
DRIFT 130 45 0 0 0
FIELD_MAP 100 1050 18.569572796355885 45 0 6.67386 0 0 beta065_1D 1
DRIFT 130 45 0 0 0
FIELD_MAP 100 1050 284.6188374424442 45 0 6.67386 0 0 beta065_1D 1
DRIFT 130 45 0 0 0
FIELD_MAP 100 1050 190.8041648195389 45 0 6.67386 0 0 beta065_1D 1
DRIFT 445 45 0 0 0
DRIFT 150 100 0 0 0
QUAD 400 5.57371 100 0 0 0 0 0 0
DRIFT 200 100 0 0 0
QUAD 400 -5.54595 100 0 0 0 0 0 0
DRIFT 150 100 0 0 0
DRIFT 385 45 0 0 0
FIELD_MAP 100 1050 263.90049826839044 45 0 6.67386 0 0 beta065_1D 1
DRIFT 130 45 0 0 0
FIELD_MAP 100 1050 170.5456070643676 45 0 6.67386 0 0 beta065_1D 1
DRIFT 130 45 0 0 0
FIELD_MAP 100 1050 77.50591919132098 45 0 6.67386 0 0 beta065_1D 1
DRIFT 130 45 0 0 0
FIELD_MAP 100 1050 344.8347249087032 45 0 6.67386 0 0 beta065_1D 1
DRIFT 445 45 0 0 0
DRIFT 150 100 0 0 0
QUAD 400 5.39552 100 0 0 0 0 0 0
DRIFT 200 100 0 0 0
QUAD 400 -5.36934 100 0 0 0 0 0 0
DRIFT 150 100 0 0 0
DRIFT 385 45 0 0 0
FIELD_MAP 100 1050 62.24360395036146 45 0 6.67386 0 0 beta065_1D 1
DRIFT 130 45 0 0 0
FIELD_MAP 100 1050 330.45108703248025 45 0 6.67386 0 0 beta065_1D 1
DRIFT 130 45 0 0 0
FIELD_MAP 100 1050 239.1629872716333 45 0 6.67386 0 0 beta065_1D 1
DRIFT 130 45 0 0 0
FIELD_MAP 100 1050 148.41607913606344 45 0 6.67386 0 0 beta065_1D 1
DRIFT 445 45 0 0 0
DRIFT 150 100 0 0 0
QUAD 400 5.18863 100 0 0 0 0 0 0
DRIFT 200 100 0 0 0
QUAD 400 -5.16426 100 0 0 0 0 0 0
DRIFT 150 100 0 0 0
DRIFT 385 45 0 0 0
FIELD_MAP 100 1050 231.9715311692987 45 0 6.67386 0 0 beta065_1D 1
DRIFT 130 45 0 0 0
FIELD_MAP 100 1050 142.4103878188327 45 0 6.67386 0 0 beta065_1D 1
DRIFT 130 45 0 0 0
FIELD_MAP 100 1050 53.48721527118395 45 0 6.67386 0 0 beta065_1D 1
DRIFT 130 45 0 0 0
FIELD_MAP 100 1050 325.2296169252045 45 0 6.67386 0 0 beta065_1D 1
DRIFT 445 45 0 0 0
DRIFT 150 100 0 0 0
END
