# s [m] 	 V_cav [MV] 	 phi_s [deg]
1.289420000000000011e+00 3.821197884333423778e-01 -4.500551312020898109e+01
1.969419999999999948e+00 3.996638636225145480e-01 -4.500217560791127624e+01
4.329419999999999824e+00 4.122903351189249888e-01 -4.392765623254034324e+01
5.009420000000000428e+00 4.307510646479594252e-01 -4.392392431540991282e+01
7.369420000000001636e+00 3.669257394741908818e-01 -3.275926582417708488e+01
8.049420000000001352e+00 1.037395258143404053e+00 -4.236295049279903679e+01
1.040942000000000256e+01 0.000000000000000000e+00 0.000000000000000000e+00
1.108942000000000228e+01 7.476942486795096210e-01 -3.819043563576273215e+01
1.344942000000000171e+01 8.213370862811708584e-01 -3.775661065110575265e+01
1.412942000000000142e+01 3.183017892086149603e-01 -3.948051143607609248e+01
1.648941999999999908e+01 6.026014421729615211e-01 -4.232070463398812876e+01
1.716941999999999879e+01 6.256287114982548303e-01 -4.210692689975262937e+01
1.952941999999999467e+01 6.655646271498673050e-01 -4.057486364661004785e+01
2.020941999999999439e+01 6.906068981705855148e-01 -4.037975338031581884e+01
2.256941999999999027e+01 7.417304232362154082e-01 -3.881465719260320668e+01
2.324941999999998998e+01 7.691399304224690869e-01 -3.863794944184898839e+01
2.560941999999998586e+01 8.350716810117093658e-01 -3.703278413425385196e+01
2.628941999999998558e+01 8.652833918551484649e-01 -3.687259988684689205e+01
2.864941999999998146e+01 9.512725534894288515e-01 -3.522228311477523732e+01
2.932941999999998117e+01 9.848281080027965206e-01 -3.507775378482966033e+01
3.168941999999997705e+01 1.098601525145621149e+00 -3.337466581712595826e+01
3.236941999999997677e+01 1.136176552035683240e+00 -3.324400923592697410e+01
3.472941999999997620e+01 1.289560690152339983e+00 -3.147894767173947628e+01
3.540941999999997591e+01 1.331996901204809403e+00 -3.136272612402156312e+01
3.776941999999997535e+01 1.543785879010428630e+00 -2.952670785194356284e+01
3.844941999999997506e+01 1.592117887512211505e+00 -2.942246991343712637e+01
4.080941999999997449e+01 1.836457305571790766e+00 -2.750317762137289890e+01
4.148941999999997421e+01 1.888762923695783913e+00 -2.741386947132164664e+01
4.384941999999997364e+01 1.936758065729478284e+00 -2.554893843731111147e+01
4.452941999999997336e+01 1.979430135136140745e+00 -2.717415885829829492e+01
4.688941999999997279e+01 2.018109033793368479e+00 -2.475742069203252171e+01
4.756941999999997250e+01 2.052508059124116269e+00 -2.471397318402107857e+01
4.992941999999997194e+01 2.082968968937862542e+00 -2.388114547750241812e+01
5.060941999999997165e+01 2.109665543867313531e+00 -2.384776092486286814e+01
5.296941999999997108e+01 2.132977272899032606e+00 -2.315909557800079455e+01
5.364941999999997080e+01 2.153134183264453494e+00 -2.313320562043454842e+01
5.600941999999997023e+01 2.170471827483448468e+00 -2.251259408688892805e+01
5.668941999999996995e+01 2.185220496594474593e+00 -2.249239717388015336e+01
5.904941999999996938e+01 2.197664295174758919e+00 -2.194202922885111207e+01
5.972941999999996909e+01 2.208013156379973196e+00 -2.192602533486898153e+01
6.208941999999996852e+01 2.216503186104284762e+00 -2.143189500961198846e+01
6.276941999999996824e+01 2.223314830439715895e+00 -2.141915629045568181e+01
6.512941999999998188e+01 2.228641644860810178e+00 -2.097357072726709859e+01
6.580941999999998870e+01 2.232633325370291022e+00 -2.096338680995646442e+01
6.816942000000001656e+01 2.235447435751891643e+00 -2.055837841206288275e+01
6.884942000000002338e+01 2.237205181141842303e+00 -2.055052267806224719e+01
7.120942000000005123e+01 2.238034440802194158e+00 -2.018208140957700181e+01
7.188942000000005805e+01 2.238031743292697051e+00 -2.017494349795794406e+01
7.424942000000008591e+01 2.237300879898807437e+00 -1.983690333093127478e+01
7.492942000000009273e+01 2.235917665491515383e+00 -1.983118942683447372e+01
7.728942000000012058e+01 2.233966588949418242e+00 -1.952009912468852804e+01
7.796942000000012740e+01 2.231506516010063557e+00 -1.951542084815972800e+01
8.032942000000015526e+01 2.228606516938601345e+00 -1.922700145972113717e+01
8.100942000000016208e+01 2.225311755219711696e+00 -1.922239093137043042e+01
8.336942000000018993e+01 2.221678998376916070e+00 -1.895502411878153737e+01
8.404942000000019675e+01 2.217742507502330707e+00 -1.895136273200314747e+01
8.640942000000022460e+01 2.863576696482224015e+00 -1.285701869716591439e+01
8.708942000000023143e+01 2.868991717847141132e+00 -9.312986532493548353e+00
8.944942000000025928e+01 0.000000000000000000e+00 0.000000000000000000e+00
9.012942000000026610e+01 2.818196871696631689e+00 -1.152173075998260998e+01
9.279210000000027492e+01 3.794183923328013019e+00 -6.702023515257574893e+00
9.389230000000027587e+01 0.000000000000000000e+00 0.000000000000000000e+00
9.682250000000027512e+01 5.352353948490295998e+00 -1.798966640346279888e+01
9.792270000000027608e+01 5.412912844313559013e+00 -1.909950383762690151e+01
1.008529000000002753e+02 5.305487650812227507e+00 -1.886404166698906337e+01
1.019531000000002763e+02 2.584380510470638104e+00 -2.270438037191177827e+01
1.048833000000002755e+02 4.228582815146459062e+00 -1.529875284693893711e+01
1.059835000000002765e+02 4.239112173778869952e+00 -1.533442964519195151e+01
1.089137000000002757e+02 5.430174823826482644e+00 -6.729234310938688068e+00
1.100139000000002767e+02 5.336104020364357048e+00 -2.783233578344482950e+01
1.129441000000002759e+02 0.000000000000000000e+00 0.000000000000000000e+00
1.140443000000002769e+02 5.136069772878920858e+00 5.241298959768199595e+00
1.169745000000002761e+02 5.127003936934342754e+00 -2.082266383226517803e+01
1.180747000000002771e+02 5.087002628782955505e+00 -1.918290066069801370e+01
1.210049000000002763e+02 4.213054709609462378e+00 -1.485273101453332067e+01
1.221051000000002773e+02 4.200143713615287488e+00 -1.486286034498059294e+01
1.250353000000002766e+02 4.013061486972733682e+00 -2.168313935307606855e+01
1.261355000000002775e+02 4.651329239400719295e+00 -1.201785637671515161e+01
1.290086000000002855e+02 0.000000000000000000e+00 0.000000000000000000e+00
1.301886000000002923e+02 8.507452149769717531e-01 -4.450687307963982420e+01
1.313686000000002991e+02 1.210927029725967552e+00 -4.362598325083738615e+01
1.325486000000003060e+02 1.371327748592457096e+00 -3.807452320799214363e+01
1.357286000000003128e+02 1.476967373889777724e+00 -2.804622452769136132e+01
1.369086000000003196e+02 1.513883339534639383e+00 -2.806655360544973377e+01
1.380886000000003264e+02 1.551429662268094534e+00 -2.808782361755402590e+01
1.392686000000003332e+02 1.589589038712858393e+00 -2.810933790592552484e+01
1.424486000000003401e+02 2.544473207668840775e+00 -2.420823226373055093e+01
1.436286000000003469e+02 2.643601306785031912e+00 -2.423687448054732130e+01
1.448086000000003537e+02 2.744857110756211416e+00 -2.426763122233952430e+01
1.459886000000003605e+02 2.848050834830008426e+00 -2.429931555195668835e+01
1.491686000000003673e+02 3.405956603484583400e+00 -2.101898377678410057e+01
1.503486000000003742e+02 3.550395062217377440e+00 -2.105154668205097579e+01
1.515286000000003810e+02 3.696679144997616184e+00 -2.108565592984425052e+01
1.527086000000003878e+02 3.844265823196504783e+00 -2.112179004494659296e+01
1.558886000000003946e+02 4.180789657418279681e+00 -1.959614943508431040e+01
1.570686000000004015e+02 4.344778407496785455e+00 -1.963370287603996189e+01
1.582486000000004083e+02 4.508104881755582660e+00 -1.967094848641593785e+01
1.594286000000004151e+02 4.669975268265703860e+00 -1.971073412425678484e+01
1.626086000000004219e+02 5.196010789435429267e+00 -1.844903155785753057e+01
1.637886000000004287e+02 5.377914400710110066e+00 -1.848979905137529300e+01
1.649686000000004356e+02 5.554985081088950061e+00 -1.853054889042836351e+01
1.661486000000004424e+02 5.726288193828691142e+00 -1.857137564337126534e+01
1.693286000000004492e+02 6.547918245312601471e+00 -1.721642528157152796e+01
1.705086000000004560e+02 6.742132366752428219e+00 -1.725836067231117710e+01
1.716886000000004628e+02 6.925127245751633076e+00 -1.729961037327763052e+01
1.728686000000004697e+02 7.096155095372629340e+00 -1.734002737495480062e+01
1.760486000000004765e+02 8.025184882199305036e+00 -1.330458284832078064e+01
1.772286000000004833e+02 9.453656006101633480e+00 -1.167091793432027913e+01
1.784086000000004901e+02 9.496920368222511399e+00 -2.743748755196121714e+00
1.795886000000004969e+02 1.007877285087224273e+01 -5.356125931491053649e+00
1.827686000000005038e+02 8.064038631098140897e+00 3.512985538371822969e+01
1.839486000000005106e+02 1.032325247518997458e+01 4.892976087724645140e+01
1.851286000000005174e+02 1.039273459994683613e+01 6.672307405140443848e+01
1.863086000000005242e+02 1.043585835986602994e+01 6.959103406519143675e+01
1.894886000000005311e+02 0.000000000000000000e+00 0.000000000000000000e+00
1.906686000000005379e+02 0.000000000000000000e+00 0.000000000000000000e+00
1.918486000000005447e+02 0.000000000000000000e+00 0.000000000000000000e+00
1.930286000000005515e+02 0.000000000000000000e+00 0.000000000000000000e+00
1.962086000000005583e+02 8.754603729267730117e+00 9.063303335797480997e+01
1.973886000000005652e+02 1.046998656379196646e+01 7.216147655987199983e+01
1.985686000000005720e+02 1.049795978478413971e+01 7.538947509172173511e+01
1.997486000000005788e+02 1.052762965509597670e+01 6.561322436712202943e+01
2.029286000000005856e+02 1.057363310120203437e+01 3.836209994529913558e+01
2.041086000000005924e+02 1.062831479854152050e+01 2.586711366750131447e+01
2.052886000000005993e+02 1.067245452223416535e+01 2.278803544959776417e+01
2.064686000000006061e+02 1.025293018152850344e+01 9.149291606672621313e+00
2.096486000000006129e+02 8.243260191152712579e+00 8.824475869088773905e+00
2.108286000000006197e+02 8.245953629294925591e+00 7.873972773306294748e+00
2.120086000000006266e+02 8.242575015387014759e+00 6.952478065687604847e+00
2.131886000000006334e+02 8.233687468980564361e+00 6.063582462477099533e+00
2.163686000000006402e+02 8.219829977832018741e+00 5.207479606230148050e+00
2.175486000000006470e+02 1.065725953976403240e+01 2.663973003186700605e+00
2.187286000000006538e+02 1.061788854264830206e+01 3.117153811283255305e+00
2.199086000000006607e+02 0.000000000000000000e+00 0.000000000000000000e+00
2.230886000000006675e+02 1.057141143610884271e+01 5.233542679930487829e+00
2.242686000000006743e+02 1.017415840429308282e+01 5.589978631866330261e+00
2.254486000000006811e+02 7.821463755273077467e+00 4.340435587069729984e+00
2.266286000000006879e+02 7.217578853570812747e+00 -1.268050367365531450e+01
2.298086000000006948e+02 7.984880914137955976e+00 -4.435302138967300856e-01
2.309886000000007016e+02 7.945493840916955541e+00 -1.012675724529282340e+00
2.321686000000007084e+02 7.904836472725622620e+00 -1.555184965415044696e+00
2.333486000000007152e+02 7.863122827463247866e+00 -2.071282870316464297e+00
2.365286000000007220e+02 7.820544816454265913e+00 -2.562052071523161167e+00
2.377086000000007289e+02 7.777274047823897085e+00 -3.029425359584295485e+00
2.388886000000007357e+02 7.733463946454961935e+00 -3.473173032905753299e+00
2.400686000000007425e+02 7.689250756190040725e+00 -3.895916485960559950e+00
2.432486000000007493e+02 7.644755672523076306e+00 -4.299113203139940609e+00
2.444286000000007562e+02 7.600086397888696332e+00 -4.682058453104078311e+00
2.456086000000007630e+02 7.555337747250302272e+00 -5.046905310306587289e+00
2.467886000000007698e+02 7.510593655122502099e+00 -5.393649697883556193e+00
