FIELD_MAP_PATH ./field_maps_1D
LATTICE 10 0
FREQ 352.2
QUAD 200 5.04539 100 0 0 0 0 0 0
DRIFT 150 100 0 0 0
QUAD 200 -5.06372 100 0 0 0 0 0 0
DRIFT 150 100 0 0 0
DRIFT 589.42 30 0 0 0
FIELD_MAP 100 415.16 52.771111064504055 30 0 1.72733 0 0 Simple_Spoke_1D 1
DRIFT 264.84 30 0 0 0
FIELD_MAP 100 415.16 313.27729367616234 30 0 1.72733 0 0 Simple_Spoke_1D 1
DRIFT 505.42 30 0 0 0
DRIFT 150 100 0 0 0
QUAD 200 5.1273 100 0 0 0 0 0 0
DRIFT 150 100 0 0 0
QUAD 200 -5.14444 100 0 0 0 0 0 0
DRIFT 150 100 0 0 0
DRIFT 589.42 30 0 0 0
FIELD_MAP 100 415.16 60.66661332490812 30 0 1.70258 0 0 Simple_Spoke_1D 1
DRIFT 264.84 30 0 0 0
FIELD_MAP 100 415.16 346.3828804542287 30 0 1.70258 0 0 Simple_Spoke_1D 1
DRIFT 505.42 30 0 0 0
DRIFT 150 100 0 0 0
QUAD 200 5.216 100 0 0 0 0 0 0
DRIFT 150 100 0 0 0
QUAD 200 -5.23181 100 0 0 0 0 0 0
DRIFT 150 100 0 0 0
DRIFT 589.42 30 0 0 0
FIELD_MAP 100 415.16 200.30257969403203 30 0 1.5976182093021838 0 0 Simple_Spoke_1D 1
DRIFT 264.84 30 0 0 0
FIELD_MAP 100 415.16 128.80434252055335 30 0 2.46255077761952 0 0 Simple_Spoke_1D 1
DRIFT 505.42 30 0 0 0
DRIFT 150 100 0 0 0
QUAD 200 5.31229 100 0 0 0 0 0 0
DRIFT 150 100 0 0 0
QUAD 200 -5.32664 100 0 0 0 0 0 0
DRIFT 150 100 0 0 0
DRIFT 589.42 30 0 0 0
FIELD_MAP 100 415.16 64.17372811177133 30 0 0.0 0 0 Simple_Spoke_1D 1
DRIFT 264.84 30 0 0 0
FIELD_MAP 100 415.16 49.87794591751414 30 0 2.7434183493661295 0 0 Simple_Spoke_1D 1
DRIFT 505.42 30 0 0 0
DRIFT 150 100 0 0 0
QUAD 200 5.41752 100 0 0 0 0 0 0
DRIFT 150 100 0 0 0
QUAD 200 -5.43033 100 0 0 0 0 0 0
DRIFT 150 100 0 0 0
DRIFT 589.42 30 0 0 0
FIELD_MAP 100 415.16 89.46324139190581 30 0 1.3801100768986163 0 0 Simple_Spoke_1D 1
DRIFT 264.84 30 0 0 0
FIELD_MAP 100 415.16 81.71564183775001 30 0 1.9902224660484644 0 0 Simple_Spoke_1D 1
DRIFT 505.42 30 0 0 0
DRIFT 150 100 0 0 0
QUAD 200 5.53264 100 0 0 0 0 0 0
DRIFT 150 100 0 0 0
QUAD 200 -5.54373 100 0 0 0 0 0 0
DRIFT 150 100 0 0 0
DRIFT 589.42 30 0 0 0
FIELD_MAP 100 415.16 207.52754286222086 30 0 1.72779 0 0 Simple_Spoke_1D 1
DRIFT 264.84 30 0 0 0
FIELD_MAP 100 415.16 246.12535176701215 30 0 1.72779 0 0 Simple_Spoke_1D 1
DRIFT 505.42 30 0 0 0
DRIFT 150 100 0 0 0
QUAD 200 5.65958 100 0 0 0 0 0 0
DRIFT 150 100 0 0 0
QUAD 200 -5.66872 100 0 0 0 0 0 0
DRIFT 150 100 0 0 0
DRIFT 589.42 30 0 0 0
FIELD_MAP 100 415.16 121.89640706636817 30 0 1.77078 0 0 Simple_Spoke_1D 1
DRIFT 264.84 30 0 0 0
FIELD_MAP 100 415.16 192.24240221130398 30 0 1.77078 0 0 Simple_Spoke_1D 1
DRIFT 505.42 30 0 0 0
DRIFT 150 100 0 0 0
QUAD 200 5.80027 100 0 0 0 0 0 0
DRIFT 150 100 0 0 0
QUAD 200 -5.80717 100 0 0 0 0 0 0
DRIFT 150 100 0 0 0
DRIFT 589.42 30 0 0 0
FIELD_MAP 100 415.16 180.6120901360173 30 0 1.83352 0 0 Simple_Spoke_1D 1
DRIFT 264.84 30 0 0 0
FIELD_MAP 100 415.16 284.3827274294406 30 0 1.83352 0 0 Simple_Spoke_1D 1
DRIFT 505.42 30 0 0 0
DRIFT 150 100 0 0 0
QUAD 200 5.95721 100 0 0 0 0 0 0
DRIFT 150 100 0 0 0
QUAD 200 -5.96148 100 0 0 0 0 0 0
DRIFT 150 100 0 0 0
DRIFT 589.42 30 0 0 0
FIELD_MAP 100 415.16 31.443272201409403 30 0 1.92063 0 0 Simple_Spoke_1D 1
DRIFT 264.84 30 0 0 0
FIELD_MAP 100 415.16 170.49504061654844 30 0 1.92063 0 0 Simple_Spoke_1D 1
DRIFT 505.42 30 0 0 0
DRIFT 150 100 0 0 0
QUAD 200 6.13371 100 0 0 0 0 0 0
DRIFT 150 100 0 0 0
QUAD 200 -6.1348 100 0 0 0 0 0 0
DRIFT 150 100 0 0 0
DRIFT 589.42 30 0 0 0
FIELD_MAP 100 415.16 43.00330614459785 30 0 2.03893 0 0 Simple_Spoke_1D 1
DRIFT 264.84 30 0 0 0
FIELD_MAP 100 415.16 219.4079857217573 30 0 2.03893 0 0 Simple_Spoke_1D 1
DRIFT 505.42 30 0 0 0
DRIFT 150 100 0 0 0
QUAD 200 6.33943 100 0 0 0 0 0 0
DRIFT 150 100 0 0 0
QUAD 200 -6.33594 100 0 0 0 0 0 0
DRIFT 150 100 0 0 0
DRIFT 589.42 30 0 0 0
FIELD_MAP 100 415.16 224.93474817601103 30 0 2.19846 0 0 Simple_Spoke_1D 1
DRIFT 264.84 30 0 0 0
FIELD_MAP 100 415.16 81.03032971325058 30 0 2.19846 0 0 Simple_Spoke_1D 1
DRIFT 505.42 30 0 0 0
DRIFT 150 100 0 0 0
QUAD 200 6.5638 100 0 0 0 0 0 0
DRIFT 150 100 0 0 0
QUAD 200 -6.55601 100 0 0 0 0 0 0
DRIFT 150 100 0 0 0
DRIFT 589.42 30 0 0 0
FIELD_MAP 100 415.16 228.14661559417615 30 0 2.41461 0 0 Simple_Spoke_1D 1
DRIFT 264.84 30 0 0 0
FIELD_MAP 100 415.16 126.59965265661734 30 0 2.41461 0 0 Simple_Spoke_1D 1
DRIFT 505.42 30 0 0 0
DRIFT 150 100 0 0 0
QUAD 200 6.83077 100 0 0 0 0 0 0
DRIFT 150 100 0 0 0
QUAD 200 -6.81653 100 0 0 0 0 0 0
DRIFT 150 100 0 0 0
DRIFT 589.42 30 0 0 0
FIELD_MAP 100 415.16 65.12711848191248 30 0 2.71181 0 0 Simple_Spoke_1D 1
DRIFT 264.84 30 0 0 0
FIELD_MAP 100 415.16 9.026891474176475 30 0 2.71181 0 0 Simple_Spoke_1D 1
DRIFT 505.42 30 0 0 0
DRIFT 150 100 0 0 0
QUAD 200 7.09593 100 0 0 0 0 0 0
DRIFT 150 100 0 0 0
QUAD 200 -7.08323 100 0 0 0 0 0 0
DRIFT 150 100 0 0 0
DRIFT 589.42 30 0 0 0
FIELD_MAP 100 415.16 110.36232024736316 30 0 3.03726 0 0 Simple_Spoke_1D 1
DRIFT 264.84 30 0 0 0
FIELD_MAP 100 415.16 102.60928428796335 30 0 3.03726 0 0 Simple_Spoke_1D 1
DRIFT 505.42 30 0 0 0
DRIFT 150 100 0 0 0
QUAD 200 7.25857 100 0 0 0 0 0 0
DRIFT 150 100 0 0 0
QUAD 200 -7.22332 100 0 0 0 0 0 0
DRIFT 150 100 0 0 0
DRIFT 589.42 30 0 0 0
FIELD_MAP 100 415.16 14.99089057255851 30 0 3.03726 0 0 Simple_Spoke_1D 1
DRIFT 264.84 30 0 0 0
FIELD_MAP 100 415.16 53.15770241208292 30 0 3.03726 0 0 Simple_Spoke_1D 1
DRIFT 505.42 30 0 0 0
DRIFT 150 100 0 0 0
QUAD 200 7.35925 100 0 0 0 0 0 0
DRIFT 150 100 0 0 0
QUAD 200 -7.32928 100 0 0 0 0 0 0
DRIFT 150 100 0 0 0
DRIFT 589.42 30 0 0 0
FIELD_MAP 100 415.16 123.36449074656875 30 0 3.03726 0 0 Simple_Spoke_1D 1
DRIFT 264.84 30 0 0 0
FIELD_MAP 100 415.16 206.59054163957657 30 0 3.03726 0 0 Simple_Spoke_1D 1
DRIFT 505.42 30 0 0 0
DRIFT 150 100 0 0 0
QUAD 200 7.53462 100 0 0 0 0 0 0
DRIFT 150 100 0 0 0
QUAD 200 -7.50211 100 0 0 0 0 0 0
DRIFT 150 100 0 0 0
DRIFT 589.42 30 0 0 0
FIELD_MAP 100 415.16 59.35052135087138 30 0 3.03726 0 0 Simple_Spoke_1D 1
DRIFT 264.84 30 0 0 0
FIELD_MAP 100 415.16 182.22584414223988 30 0 3.03726 0 0 Simple_Spoke_1D 1
DRIFT 505.42 30 0 0 0
DRIFT 150 100 0 0 0
QUAD 200 7.73 100 0 0 0 0 0 0
DRIFT 150 100 0 0 0
QUAD 200 -7.69507 100 0 0 0 0 0 0
DRIFT 150 100 0 0 0
DRIFT 589.42 30 0 0 0
FIELD_MAP 100 415.16 165.63127348308987 30 0 3.03726 0 0 Simple_Spoke_1D 1
DRIFT 264.84 30 0 0 0
FIELD_MAP 100 415.16 324.4258340418745 30 0 3.03726 0 0 Simple_Spoke_1D 1
DRIFT 505.42 30 0 0 0
DRIFT 150 100 0 0 0
QUAD 200 7.79466 100 0 0 0 0 0 0
DRIFT 150 100 0 0 0
QUAD 200 -7.7588 100 0 0 0 0 0 0
DRIFT 150 100 0 0 0
DRIFT 589.42 30 0 0 0
FIELD_MAP 100 415.16 66.18590939777013 30 0 3.03726 0 0 Simple_Spoke_1D 1
DRIFT 264.84 30 0 0 0
FIELD_MAP 100 415.16 257.4907913920186 30 0 3.03726 0 0 Simple_Spoke_1D 1
DRIFT 505.42 30 0 0 0
DRIFT 150 100 0 0 0
QUAD 200 7.83985 100 0 0 0 0 0 0
DRIFT 150 100 0 0 0
QUAD 200 -7.8037 100 0 0 0 0 0 0
DRIFT 150 100 0 0 0
DRIFT 589.42 30 0 0 0
FIELD_MAP 100 415.16 106.41337274708445 30 0 3.03726 0 0 Simple_Spoke_1D 1
DRIFT 264.84 30 0 0 0
FIELD_MAP 100 415.16 327.1644017296348 30 0 3.03726 0 0 Simple_Spoke_1D 1
DRIFT 505.42 30 0 0 0
DRIFT 150 100 0 0 0
QUAD 200 7.8653 100 0 0 0 0 0 0
DRIFT 150 100 0 0 0
QUAD 200 -7.82937 100 0 0 0 0 0 0
DRIFT 150 100 0 0 0
DRIFT 589.42 30 0 0 0
FIELD_MAP 100 415.16 273.2457660999414 30 0 3.03726 0 0 Simple_Spoke_1D 1
DRIFT 264.84 30 0 0 0
FIELD_MAP 100 415.16 160.71213222783348 30 0 3.03726 0 0 Simple_Spoke_1D 1
DRIFT 505.42 30 0 0 0
DRIFT 150 100 0 0 0
QUAD 200 7.87141 100 0 0 0 0 0 0
DRIFT 150 100 0 0 0
QUAD 200 -7.83599 100 0 0 0 0 0 0
DRIFT 150 100 0 0 0
DRIFT 589.42 30 0 0 0
FIELD_MAP 100 415.16 195.05640913911247 30 0 3.03726 0 0 Simple_Spoke_1D 1
DRIFT 264.84 30 0 0 0
FIELD_MAP 100 415.16 106.81715653911188 30 0 3.03726 0 0 Simple_Spoke_1D 1
DRIFT 505.42 30 0 0 0
DRIFT 150 100 0 0 0
QUAD 200 7.85867 100 0 0 0 0 0 0
DRIFT 150 100 0 0 0
QUAD 200 -7.82407 100 0 0 0 0 0 0
DRIFT 150 100 0 0 0
DRIFT 589.42 30 0 0 0
FIELD_MAP 100 415.16 221.54717694156452 30 0 3.03726 0 0 Simple_Spoke_1D 1
DRIFT 264.84 30 0 0 0
FIELD_MAP 100 415.16 155.4606824186923 30 0 3.03726 0 0 Simple_Spoke_1D 1
DRIFT 505.42 30 0 0 0
DRIFT 150 100 0 0 0
QUAD 200 7.82676 100 0 0 0 0 0 0
DRIFT 150 100 0 0 0
QUAD 200 -7.79319 100 0 0 0 0 0 0
DRIFT 150 100 0 0 0
DRIFT 589.42 30 0 0 0
FIELD_MAP 100 415.16 343.6069069447621 30 0 3.03726 0 0 Simple_Spoke_1D 1
DRIFT 264.84 30 0 0 0
FIELD_MAP 100 415.16 297.78110219822827 30 0 3.03726 0 0 Simple_Spoke_1D 1
DRIFT 505.42 30 0 0 0
DRIFT 150 100 0 0 0
QUAD 200 7.77647 100 0 0 0 0 0 0
DRIFT 150 100 0 0 0
QUAD 200 -7.74405 100 0 0 0 0 0 0
DRIFT 150 100 0 0 0
DRIFT 589.42 30 0 0 0
FIELD_MAP 100 415.16 193.18027131052938 30 0 3.03726 0 0 Simple_Spoke_1D 1
DRIFT 264.84 30 0 0 0
FIELD_MAP 100 415.16 165.93882012475476 30 0 3.03726 0 0 Simple_Spoke_1D 1
DRIFT 505.42 30 0 0 0
DRIFT 150 100 0 0 0
QUAD 200 7.70911 100 0 0 0 0 0 0
DRIFT 150 100 0 0 0
QUAD 200 -7.67788 100 0 0 0 0 0 0
DRIFT 150 100 0 0 0
DRIFT 589.42 30 0 0 0
FIELD_MAP 100 415.16 123.12974756253587 30 0 3.03726 0 0 Simple_Spoke_1D 1
DRIFT 264.84 30 0 0 0
FIELD_MAP 100 415.16 112.9876956832195 30 0 3.03726 0 0 Simple_Spoke_1D 1
DRIFT 505.42 30 0 0 0
DRIFT 150 100 0 0 0
QUAD 200 7.62305 100 0 0 0 0 0 0
DRIFT 150 100 0 0 0
QUAD 200 -7.59318 100 0 0 0 0 0 0
DRIFT 150 100 0 0 0
DRIFT 589.42 30 0 0 0
FIELD_MAP 100 415.16 127.12411084847291 30 0 3.03726 0 0 Simple_Spoke_1D 1
DRIFT 264.84 30 0 0 0
FIELD_MAP 100 415.16 132.7627327135064 30 0 3.03726 0 0 Simple_Spoke_1D 1
DRIFT 505.42 30 0 0 0
DRIFT 150 100 0 0 0
QUAD 200 7.52011 100 0 0 0 0 0 0
DRIFT 150 100 0 0 0
QUAD 200 -7.49161 100 0 0 0 0 0 0
DRIFT 150 100 0 0 0
DRIFT 589.42 30 0 0 0
FIELD_MAP 100 415.16 199.53047405985453 30 0 3.03726 0 0 Simple_Spoke_1D 1
DRIFT 264.84 30 0 0 0
FIELD_MAP 100 415.16 219.77327205642064 30 0 3.03726 0 0 Simple_Spoke_1D 1
DRIFT 505.42 30 0 0 0
DRIFT 150 100 0 0 0
QUAD 200 7.4013 100 0 0 0 0 0 0
DRIFT 150 100 0 0 0
QUAD 200 -7.37411 100 0 0 0 0 0 0
DRIFT 150 100 0 0 0
DRIFT 589.42 30 0 0 0
FIELD_MAP 100 415.16 339.2129510953686 30 0 3.9089248736788633 0 0 Simple_Spoke_1D 1
DRIFT 264.84 30 0 0 0
FIELD_MAP 100 415.16 13.649844774511486 30 0 3.9414166566508255 0 0 Simple_Spoke_1D 1
DRIFT 505.42 30 0 0 0
DRIFT 150 100 0 0 0
QUAD 200 7.24495 100 0 0 0 0 0 0
DRIFT 150 100 0 0 0
QUAD 200 -7.32003 100 0 0 0 0 0 0
DRIFT 150 100 0 0 0
DRIFT 589.42 30 0 0 0
FIELD_MAP 100 415.16 164.504293591538 30 0 0.0 0 0 Simple_Spoke_1D 1
DRIFT 264.84 30 0 0 0
FIELD_MAP 100 415.16 218.1052314446252 30 0 3.948438 0 0 Simple_Spoke_1D 1
DRIFT 505.42 30 0 0 0
DRIFT 150 100 0 0 0
LATTICE 10 0
FREQ 352.2
QUAD 300 4.53593 100 0 0 0 0 0 0
DRIFT 200 100 0 0 0
QUAD 300 -4.50027 100 0 0 0 0 0 0
DRIFT 150 100 0 0 0
DRIFT 642.1 40 0 0 0
FIELD_MAP 100 636 290.099260566898 40 0 5.357013477632101 0 0 2_spokeESS 1
DRIFT 464.2 40 0 0 0
FIELD_MAP 100 636 291.9036732681106 40 0 0.0 0 0 2_spokeESS 1
DRIFT 552.1 40 0 0 0
DRIFT 150 100 0 0 0
QUAD 300 4.73219 100 0 0 0 0 0 0
DRIFT 200 100 0 0 0
QUAD 300 -4.71495 100 0 0 0 0 0 0
DRIFT 150 100 0 0 0
DRIFT 642.1 40 0 0 0
FIELD_MAP 100 636 4.155217600889055 40 0 5.129221872051495 0 0 2_spokeESS 1
DRIFT 464.2 40 0 0 0
FIELD_MAP 100 636 42.972969601053116 40 0 5.162074758083612 0 0 2_spokeESS 1
DRIFT 552.1 40 0 0 0
DRIFT 150 100 0 0 0
QUAD 300 4.70313 100 0 0 0 0 0 0
DRIFT 200 100 0 0 0
QUAD 300 -4.68365 100 0 0 0 0 0 0
DRIFT 150 100 0 0 0
DRIFT 642.1 40 0 0 0
FIELD_MAP 100 636 192.16910911713816 40 0 4.45899 0 0 2_spokeESS 1
DRIFT 464.2 40 0 0 0
FIELD_MAP 100 636 261.80116006038156 40 0 4.45899 0 0 2_spokeESS 1
DRIFT 552.1 40 0 0 0
DRIFT 150 100 0 0 0
QUAD 300 4.72075 100 0 0 0 0 0 0
DRIFT 200 100 0 0 0
QUAD 300 -4.6997 100 0 0 0 0 0 0
DRIFT 150 100 0 0 0
DRIFT 642.1 40 0 0 0
FIELD_MAP 100 636 128.58787699077337 40 0 4.45899 0 0 2_spokeESS 1
DRIFT 464.2 40 0 0 0
FIELD_MAP 100 636 225.6563000386249 40 0 4.45899 0 0 2_spokeESS 1
DRIFT 552.1 40 0 0 0
DRIFT 150 100 0 0 0
QUAD 300 4.70028 100 0 0 0 0 0 0
DRIFT 200 100 0 0 0
QUAD 300 -4.67981 100 0 0 0 0 0 0
DRIFT 150 100 0 0 0
DRIFT 642.1 40 0 0 0
FIELD_MAP 100 636 168.54886716843015 40 0 5.796687 0 0 2_spokeESS 1
DRIFT 464.2 40 0 0 0
FIELD_MAP 100 636 282.7797864911435 40 0 4.928845061074224 0 0 2_spokeESS 1
DRIFT 552.1 40 0 0 0
DRIFT 150 100 0 0 0
QUAD 300 4.66681 100 0 0 0 0 0 0
DRIFT 200 100 0 0 0
QUAD 300 -4.6452 100 0 0 0 0 0 0
DRIFT 150 100 0 0 0
DRIFT 642.1 40 0 0 0
FIELD_MAP 100 636 283.8384790200577 40 0 0.0 0 0 2_spokeESS 1
DRIFT 464.2 40 0 0 0
FIELD_MAP 100 636 74.00991390666017 40 0 5.796687 0 0 2_spokeESS 1
DRIFT 552.1 40 0 0 0
DRIFT 150 100 0 0 0
QUAD 300 4.63235 100 0 0 0 0 0 0
DRIFT 200 100 0 0 0
QUAD 300 -4.61098 100 0 0 0 0 0 0
DRIFT 150 100 0 0 0
DRIFT 642.1 40 0 0 0
FIELD_MAP 100 636 124.59253032564555 40 0 5.796687 0 0 2_spokeESS 1
DRIFT 464.2 40 0 0 0
FIELD_MAP 100 636 296.62132035719907 40 0 4.516175320661766 0 0 2_spokeESS 1
DRIFT 552.1 40 0 0 0
DRIFT 150 100 0 0 0
QUAD 300 4.56838 100 0 0 0 0 0 0
DRIFT 200 100 0 0 0
QUAD 300 -4.54715 100 0 0 0 0 0 0
DRIFT 150 100 0 0 0
DRIFT 642.1 40 0 0 0
FIELD_MAP 100 636 40.006062293336456 40 0 4.45899 0 0 2_spokeESS 1
DRIFT 464.2 40 0 0 0
FIELD_MAP 100 636 224.05808032789773 40 0 4.45899 0 0 2_spokeESS 1
DRIFT 552.1 40 0 0 0
DRIFT 150 100 0 0 0
QUAD 300 4.22147 100 0 0 0 0 0 0
DRIFT 200 100 0 0 0
QUAD 300 -4.32084 100 0 0 0 0 0 0
DRIFT 150 100 0 0 0
DRIFT 642.1 40 0 0 0
FIELD_MAP 100 636 16.607394440408466 40 0 4.547244856585651 0 0 2_spokeESS 1
DRIFT 464.2 40 0 0 0
FIELD_MAP 100 636 217.25574920968066 40 0 4.800620624222362 0 0 2_spokeESS 1
DRIFT 552.1 40 0 0 0
DRIFT 150 100 0 0 0
LATTICE 14 0
FREQ 704.4
QUAD 400 3.89774 100 0 0 0 0 0 0
DRIFT 200 100 0 0 0
QUAD 400 -3.85522 100 0 0 0 0 0 0
DRIFT 150 100 0 0 0
DRIFT 385 45 0 0 0
FIELD_MAP 100 1050 191.52033994733114 45 0 0.0 0 0 beta065_1D 1
DRIFT 130 45 0 0 0
FIELD_MAP 100 1050 119.17717848953042 45 0 1.9619979951932771 0 0 beta065_1D 1
DRIFT 130 45 0 0 0
FIELD_MAP 100 1050 53.09064178176799 45 0 2.352279944879841 0 0 beta065_1D 1
DRIFT 130 45 0 0 0
FIELD_MAP 100 1050 352.58882666128403 45 0 2.5471259330270777 0 0 beta065_1D 1
DRIFT 445 45 0 0 0
DRIFT 150 100 0 0 0
QUAD 400 4.32695 100 0 0 0 0 0 0
DRIFT 200 100 0 0 0
QUAD 400 -4.38498 100 0 0 0 0 0 0
DRIFT 150 100 0 0 0
DRIFT 385 45 0 0 0
FIELD_MAP 100 1050 34.07130731150838 45 0 2.9207917503856757 0 0 beta065_1D 1
DRIFT 130 45 0 0 0
FIELD_MAP 100 1050 343.88534641281007 45 0 3.0052214841742586 0 0 beta065_1D 1
DRIFT 130 45 0 0 0
FIELD_MAP 100 1050 302.13959480827737 45 0 3.0351497045125586 0 0 beta065_1D 1
DRIFT 130 45 0 0 0
FIELD_MAP 100 1050 266.3717885837314 45 0 3.054833784556367 0 0 beta065_1D 1
DRIFT 445 45 0 0 0
DRIFT 150 100 0 0 0
QUAD 400 4.59279 100 0 0 0 0 0 0
DRIFT 200 100 0 0 0
QUAD 400 -4.63625 100 0 0 0 0 0 0
DRIFT 150 100 0 0 0
DRIFT 385 45 0 0 0
FIELD_MAP 100 1050 357.5176631218195 45 0 4.65375 0 0 beta065_1D 1
DRIFT 130 45 0 0 0
FIELD_MAP 100 1050 330.78955920048185 45 0 4.65375 0 0 beta065_1D 1
DRIFT 130 45 0 0 0
FIELD_MAP 100 1050 313.18733362382363 45 0 4.65375 0 0 beta065_1D 1
DRIFT 130 45 0 0 0
FIELD_MAP 100 1050 304.85788079904984 45 0 4.65375 0 0 beta065_1D 1
DRIFT 445 45 0 0 0
DRIFT 150 100 0 0 0
QUAD 400 4.92003 100 0 0 0 0 0 0
DRIFT 200 100 0 0 0
QUAD 400 -4.96245 100 0 0 0 0 0 0
DRIFT 150 100 0 0 0
DRIFT 385 45 0 0 0
FIELD_MAP 100 1050 141.86681908531952 45 0 5.35104 0 0 beta065_1D 1
DRIFT 130 45 0 0 0
FIELD_MAP 100 1050 154.2001646354902 45 0 5.35104 0 0 beta065_1D 1
DRIFT 130 45 0 0 0
FIELD_MAP 100 1050 177.9290761280888 45 0 5.35104 0 0 beta065_1D 1
DRIFT 130 45 0 0 0
FIELD_MAP 100 1050 213.19166338050752 45 0 5.35104 0 0 beta065_1D 1
DRIFT 445 45 0 0 0
DRIFT 150 100 0 0 0
QUAD 400 5.15756 100 0 0 0 0 0 0
DRIFT 200 100 0 0 0
QUAD 400 -5.19443 100 0 0 0 0 0 0
DRIFT 150 100 0 0 0
DRIFT 385 45 0 0 0
FIELD_MAP 100 1050 171.7985974812263 45 0 5.59666 0 0 beta065_1D 1
DRIFT 130 45 0 0 0
FIELD_MAP 100 1050 231.15715178554473 45 0 5.59666 0 0 beta065_1D 1
DRIFT 130 45 0 0 0
FIELD_MAP 100 1050 303.01106419601507 45 0 5.59666 0 0 beta065_1D 1
DRIFT 130 45 0 0 0
FIELD_MAP 100 1050 27.41084808716681 45 0 5.59666 0 0 beta065_1D 1
DRIFT 445 45 0 0 0
DRIFT 150 100 0 0 0
QUAD 400 5.43969 100 0 0 0 0 0 0
DRIFT 200 100 0 0 0
QUAD 400 -5.4686 100 0 0 0 0 0 0
DRIFT 150 100 0 0 0
DRIFT 385 45 0 0 0
FIELD_MAP 100 1050 120.44939743778134 45 0 6.0134 0 0 beta065_1D 1
DRIFT 130 45 0 0 0
FIELD_MAP 100 1050 231.0349956134277 45 0 6.0134 0 0 beta065_1D 1
DRIFT 130 45 0 0 0
FIELD_MAP 100 1050 355.1940654341971 45 0 6.0134 0 0 beta065_1D 1
DRIFT 130 45 0 0 0
FIELD_MAP 100 1050 132.85575181794593 45 0 6.0134 0 0 beta065_1D 1
DRIFT 445 45 0 0 0
DRIFT 150 100 0 0 0
QUAD 400 5.69671 100 0 0 0 0 0 0
DRIFT 200 100 0 0 0
QUAD 400 -5.71419 100 0 0 0 0 0 0
DRIFT 150 100 0 0 0
DRIFT 385 45 0 0 0
FIELD_MAP 100 1050 11.575989230676507 45 0 6.67386 0 0 beta065_1D 1
DRIFT 130 45 0 0 0
FIELD_MAP 100 1050 177.45327149230462 45 0 6.67386 0 0 beta065_1D 1
DRIFT 130 45 0 0 0
FIELD_MAP 100 1050 357.9517839139976 45 0 6.67386 0 0 beta065_1D 1
DRIFT 130 45 0 0 0
FIELD_MAP 100 1050 192.83065379205885 45 0 6.67386 0 0 beta065_1D 1
DRIFT 445 45 0 0 0
DRIFT 150 100 0 0 0
QUAD 400 5.79481 100 0 0 0 0 0 0
DRIFT 200 100 0 0 0
QUAD 400 -5.7978 100 0 0 0 0 0 0
DRIFT 150 100 0 0 0
DRIFT 385 45 0 0 0
FIELD_MAP 100 1050 233.97321204119854 45 0 8.01290791859418 0 0 beta065_1D 1
DRIFT 130 45 0 0 0
FIELD_MAP 100 1050 100.13250879902289 45 0 7.753855426116525 0 0 beta065_1D 1
DRIFT 130 45 0 0 0
FIELD_MAP 100 1050 342.3619123452404 45 0 7.6801102819589495 0 0 beta065_1D 1
DRIFT 130 45 0 0 0
FIELD_MAP 100 1050 239.9988134985687 45 0 7.684194949033447 0 0 beta065_1D 1
DRIFT 445 45 0 0 0
DRIFT 150 100 0 0 0
QUAD 400 5.88215 100 0 0 0 0 0 0
DRIFT 200 100 0 0 0
QUAD 400 -5.87305 100 0 0 0 0 0 0
DRIFT 150 100 0 0 0
DRIFT 385 45 0 0 0
FIELD_MAP 100 1050 84.39060121648768 45 0 8.149279347607319 0 0 beta065_1D 1
DRIFT 130 45 0 0 0
FIELD_MAP 100 1050 12.25675746281521 45 0 8.675994414743302 0 0 beta065_1D 1
DRIFT 130 45 0 0 0
FIELD_MAP 100 1050 315.61392786803276 45 0 8.676018000000001 0 0 beta065_1D 1
DRIFT 130 45 0 0 0
FIELD_MAP 100 1050 263.4195539025857 45 0 8.676011983037288 0 0 beta065_1D 1
DRIFT 445 45 0 0 0
DRIFT 150 100 0 0 0
QUAD 400 5.93256 100 0 0 0 0 0 0
DRIFT 200 100 0 0 0
QUAD 400 -5.9144 100 0 0 0 0 0 0
DRIFT 150 100 0 0 0
DRIFT 385 45 0 0 0
FIELD_MAP 100 1050 123.38998350995575 45 0 0.0 0 0 beta065_1D 1
DRIFT 130 45 0 0 0
FIELD_MAP 100 1050 85.04246961189156 45 0 0.0 0 0 beta065_1D 1
DRIFT 130 45 0 0 0
FIELD_MAP 100 1050 57.38981049147158 45 0 0.0 0 0 beta065_1D 1
DRIFT 130 45 0 0 0
FIELD_MAP 100 1050 40.06447083445365 45 0 0.0 0 0 beta065_1D 1
DRIFT 445 45 0 0 0
DRIFT 150 100 0 0 0
QUAD 400 5.95787 100 0 0 0 0 0 0
DRIFT 200 100 0 0 0
QUAD 400 -5.93369 100 0 0 0 0 0 0
DRIFT 150 100 0 0 0
DRIFT 385 45 0 0 0
FIELD_MAP 100 1050 164.383229076391 45 0 8.676018000000001 0 0 beta065_1D 1
DRIFT 130 45 0 0 0
FIELD_MAP 100 1050 167.5674980009417 45 0 8.676018000000001 0 0 beta065_1D 1
DRIFT 130 45 0 0 0
FIELD_MAP 100 1050 174.68563347989593 45 0 8.676013362458749 0 0 beta065_1D 1
DRIFT 130 45 0 0 0
FIELD_MAP 100 1050 181.9980691747042 45 0 8.676012980340884 0 0 beta065_1D 1
DRIFT 445 45 0 0 0
DRIFT 150 100 0 0 0
QUAD 400 5.95473 100 0 0 0 0 0 0
DRIFT 200 100 0 0 0
QUAD 400 -5.92701 100 0 0 0 0 0 0
DRIFT 150 100 0 0 0
DRIFT 385 45 0 0 0
FIELD_MAP 100 1050 313.4540920190944 45 0 8.676018000000001 0 0 beta065_1D 1
DRIFT 130 45 0 0 0
FIELD_MAP 100 1050 344.2132003554548 45 0 8.676018000000001 0 0 beta065_1D 1
DRIFT 130 45 0 0 0
FIELD_MAP 100 1050 23.96761032078235 45 0 8.676018000000001 0 0 beta065_1D 1
DRIFT 130 45 0 0 0
FIELD_MAP 100 1050 56.04973075167034 45 0 8.676018000000001 0 0 beta065_1D 1
DRIFT 445 45 0 0 0
DRIFT 150 100 0 0 0
QUAD 400 5.91289 100 0 0 0 0 0 0
DRIFT 200 100 0 0 0
QUAD 400 -5.88355 100 0 0 0 0 0 0
DRIFT 150 100 0 0 0
DRIFT 385 45 0 0 0
FIELD_MAP 100 1050 305.47653744687193 45 0 7.8893116077463645 0 0 beta065_1D 1
DRIFT 130 45 0 0 0
FIELD_MAP 100 1050 17.673727774378428 45 0 6.73465197147556 0 0 beta065_1D 1
DRIFT 130 45 0 0 0
FIELD_MAP 100 1050 96.08565488365309 45 0 5.664252650158788 0 0 beta065_1D 1
DRIFT 130 45 0 0 0
FIELD_MAP 100 1050 175.4366421214654 45 0 8.043251646044665 0 0 beta065_1D 1
DRIFT 445 45 0 0 0
DRIFT 150 100 0 0 0
QUAD 400 5.83445 100 0 0 0 0 0 0
DRIFT 200 100 0 0 0
QUAD 400 -5.80484 100 0 0 0 0 0 0
DRIFT 150 100 0 0 0
DRIFT 385 45 0 0 0
FIELD_MAP 100 1050 139.46298505063928 45 0 8.09772324129252 0 0 beta065_1D 1
DRIFT 130 45 0 0 0
FIELD_MAP 100 1050 237.1931964524554 45 0 7.662886743036672 0 0 beta065_1D 1
DRIFT 130 45 0 0 0
FIELD_MAP 100 1050 342.6837122420463 45 0 5.876311247250482 0 0 beta065_1D 1
DRIFT 130 45 0 0 0
FIELD_MAP 100 1050 71.79515472312576 45 0 0.0 0 0 beta065_1D 1
DRIFT 445 45 0 0 0
DRIFT 150 100 0 0 0
QUAD 400 5.72093 100 0 0 0 0 0 0
DRIFT 200 100 0 0 0
QUAD 400 -5.69193 100 0 0 0 0 0 0
DRIFT 150 100 0 0 0
DRIFT 385 45 0 0 0
FIELD_MAP 100 1050 97.35937311032005 45 0 8.017824666294358 0 0 beta065_1D 1
DRIFT 130 45 0 0 0
FIELD_MAP 100 1050 211.78621350005054 45 0 7.501647249083646 0 0 beta065_1D 1
DRIFT 130 45 0 0 0
FIELD_MAP 100 1050 332.1474959593619 45 0 7.576855802824505 0 0 beta065_1D 1
DRIFT 130 45 0 0 0
FIELD_MAP 100 1050 97.87910689991958 45 0 7.662248094562228 0 0 beta065_1D 1
DRIFT 445 45 0 0 0
DRIFT 150 100 0 0 0
QUAD 400 5.57371 100 0 0 0 0 0 0
DRIFT 200 100 0 0 0
QUAD 400 -5.54595 100 0 0 0 0 0 0
DRIFT 150 100 0 0 0
DRIFT 385 45 0 0 0
FIELD_MAP 100 1050 174.81463477897668 45 0 6.67386 0 0 beta065_1D 1
DRIFT 130 45 0 0 0
FIELD_MAP 100 1050 311.97179779809045 45 0 6.67386 0 0 beta065_1D 1
DRIFT 130 45 0 0 0
FIELD_MAP 100 1050 93.75261719449684 45 0 6.67386 0 0 beta065_1D 1
DRIFT 130 45 0 0 0
FIELD_MAP 100 1050 240.01525772377636 45 0 6.67386 0 0 beta065_1D 1
DRIFT 445 45 0 0 0
DRIFT 150 100 0 0 0
QUAD 400 5.39552 100 0 0 0 0 0 0
DRIFT 200 100 0 0 0
QUAD 400 -5.36934 100 0 0 0 0 0 0
DRIFT 150 100 0 0 0
DRIFT 385 45 0 0 0
FIELD_MAP 100 1050 5.089190477010169 45 0 6.67386 0 0 beta065_1D 1
DRIFT 130 45 0 0 0
FIELD_MAP 100 1050 159.9106489523162 45 0 6.67386 0 0 beta065_1D 1
DRIFT 130 45 0 0 0
FIELD_MAP 100 1050 318.8217188384255 45 0 6.67386 0 0 beta065_1D 1
DRIFT 130 45 0 0 0
FIELD_MAP 100 1050 121.70079969329495 45 0 6.67386 0 0 beta065_1D 1
DRIFT 445 45 0 0 0
DRIFT 150 100 0 0 0
QUAD 400 5.18863 100 0 0 0 0 0 0
DRIFT 200 100 0 0 0
QUAD 400 -5.16426 100 0 0 0 0 0 0
DRIFT 150 100 0 0 0
DRIFT 385 45 0 0 0
FIELD_MAP 100 1050 290.2213794080625 45 0 6.67386 0 0 beta065_1D 1
DRIFT 130 45 0 0 0
FIELD_MAP 100 1050 100.69691405178055 45 0 6.67386 0 0 beta065_1D 1
DRIFT 130 45 0 0 0
FIELD_MAP 100 1050 274.8093589180683 45 0 6.67386 0 0 beta065_1D 1
DRIFT 130 45 0 0 0
FIELD_MAP 100 1050 92.45811616781647 45 0 6.67386 0 0 beta065_1D 1
DRIFT 445 45 0 0 0
DRIFT 150 100 0 0 0
END
