Element # 1
From postion 0 m to 0.2 m
+8.384339e-01 +1.891082e-01 +0.000000e+00 +0.000000e+00 +0.000000e+00 +0.000000e+00 
-1.570681e+00 +8.384339e-01 +0.000000e+00 +0.000000e+00 +0.000000e+00 +0.000000e+00 
+0.000000e+00 +0.000000e+00 +1.170765e+00 +2.112597e-01 +0.000000e+00 +0.000000e+00 
+0.000000e+00 +0.000000e+00 +1.754665e+00 +1.170765e+00 +0.000000e+00 +0.000000e+00 
+0.000000e+00 +0.000000e+00 +0.000000e+00 +0.000000e+00 +1.000000e+00 +1.931066e-01 
+0.000000e+00 +0.000000e+00 +0.000000e+00 +0.000000e+00 +0.000000e+00 +1.000000e+00 
Element # 2
From postion 0.2 m to 0.35 m
+1.000000e+00 +1.500000e-01 +0.000000e+00 +0.000000e+00 +0.000000e+00 +0.000000e+00 
+0.000000e+00 +1.000000e+00 +0.000000e+00 +0.000000e+00 +0.000000e+00 +0.000000e+00 
+0.000000e+00 +0.000000e+00 +1.000000e+00 +1.500000e-01 +0.000000e+00 +0.000000e+00 
+0.000000e+00 +0.000000e+00 +0.000000e+00 +1.000000e+00 +0.000000e+00 +0.000000e+00 
+0.000000e+00 +0.000000e+00 +0.000000e+00 +0.000000e+00 +1.000000e+00 +1.448300e-01 
+0.000000e+00 +0.000000e+00 +0.000000e+00 +0.000000e+00 +0.000000e+00 +1.000000e+00 
Element # 3
From postion 0.35 m to 0.55 m
+1.171411e+00 +2.113019e-01 +0.000000e+00 +0.000000e+00 +0.000000e+00 +0.000000e+00 
+1.761479e+00 +1.171411e+00 +0.000000e+00 +0.000000e+00 +0.000000e+00 +0.000000e+00 
+0.000000e+00 +0.000000e+00 +8.378554e-01 +1.890688e-01 +0.000000e+00 +0.000000e+00 
+0.000000e+00 +0.000000e+00 -1.576137e+00 +8.378554e-01 +0.000000e+00 +0.000000e+00 
+0.000000e+00 +0.000000e+00 +0.000000e+00 +0.000000e+00 +1.000000e+00 +1.931066e-01 
+0.000000e+00 +0.000000e+00 +0.000000e+00 +0.000000e+00 +0.000000e+00 +1.000000e+00 
Element # 4
From postion 0.55 m to 0.7 m
+1.000000e+00 +1.500000e-01 +0.000000e+00 +0.000000e+00 +0.000000e+00 +0.000000e+00 
+0.000000e+00 +1.000000e+00 +0.000000e+00 +0.000000e+00 +0.000000e+00 +0.000000e+00 
+0.000000e+00 +0.000000e+00 +1.000000e+00 +1.500000e-01 +0.000000e+00 +0.000000e+00 
+0.000000e+00 +0.000000e+00 +0.000000e+00 +1.000000e+00 +0.000000e+00 +0.000000e+00 
+0.000000e+00 +0.000000e+00 +0.000000e+00 +0.000000e+00 +1.000000e+00 +1.448300e-01 
+0.000000e+00 +0.000000e+00 +0.000000e+00 +0.000000e+00 +0.000000e+00 +1.000000e+00 
Element # 5
From postion 0.7 m to 1.28942 m
+1.000000e+00 +5.894200e-01 +0.000000e+00 +0.000000e+00 +0.000000e+00 +0.000000e+00 
+0.000000e+00 +1.000000e+00 +0.000000e+00 +0.000000e+00 +0.000000e+00 +0.000000e+00 
+0.000000e+00 +0.000000e+00 +1.000000e+00 +5.894200e-01 +0.000000e+00 +0.000000e+00 
+0.000000e+00 +0.000000e+00 +0.000000e+00 +1.000000e+00 +0.000000e+00 +0.000000e+00 
+0.000000e+00 +0.000000e+00 +0.000000e+00 +0.000000e+00 +1.000000e+00 +5.691046e-01 
+0.000000e+00 +0.000000e+00 +0.000000e+00 +0.000000e+00 +0.000000e+00 +1.000000e+00 
Element # 6
From postion 1.28942 m to 1.70458 m
+1.051476e+00 +4.213340e-01 +0.000000e+00 +0.000000e+00 +0.000000e+00 +0.000000e+00 
+1.599495e-01 +1.007423e+00 +0.000000e+00 +0.000000e+00 +0.000000e+00 +0.000000e+00 
+0.000000e+00 +0.000000e+00 +1.051476e+00 +4.213340e-01 +0.000000e+00 +0.000000e+00 
+0.000000e+00 +0.000000e+00 +1.599495e-01 +1.007423e+00 +0.000000e+00 +0.000000e+00 
+0.000000e+00 +0.000000e+00 +0.000000e+00 +0.000000e+00 +8.972364e-01 +3.874251e-01 
+0.000000e+00 +0.000000e+00 +0.000000e+00 +0.000000e+00 -3.365202e-01 +9.601846e-01 
Element # 7
From postion 1.70458 m to 1.96942 m
+1.000000e+00 +2.648400e-01 +0.000000e+00 +0.000000e+00 +0.000000e+00 +0.000000e+00 
+0.000000e+00 +1.000000e+00 +0.000000e+00 +0.000000e+00 +0.000000e+00 +0.000000e+00 
+0.000000e+00 +0.000000e+00 +1.000000e+00 +2.648400e-01 +0.000000e+00 +0.000000e+00 
+0.000000e+00 +0.000000e+00 +0.000000e+00 +1.000000e+00 +0.000000e+00 +0.000000e+00 
+0.000000e+00 +0.000000e+00 +0.000000e+00 +0.000000e+00 +1.000000e+00 +2.555672e-01 
+0.000000e+00 +0.000000e+00 +0.000000e+00 +0.000000e+00 +0.000000e+00 +1.000000e+00 
Element # 8
From postion 1.96942 m to 2.38458 m
+1.051738e+00 +4.213477e-01 +0.000000e+00 +0.000000e+00 +0.000000e+00 +0.000000e+00 
+1.630738e-01 +1.008202e+00 +0.000000e+00 +0.000000e+00 +0.000000e+00 +0.000000e+00 
+0.000000e+00 +0.000000e+00 +1.051738e+00 +4.213477e-01 +0.000000e+00 +0.000000e+00 
+0.000000e+00 +0.000000e+00 +1.630738e-01 +1.008202e+00 +0.000000e+00 +0.000000e+00 
+0.000000e+00 +0.000000e+00 +0.000000e+00 +0.000000e+00 +8.967871e-01 +3.870229e-01 
+0.000000e+00 +0.000000e+00 +0.000000e+00 +0.000000e+00 -3.423330e-01 +9.580458e-01 
Element # 9
From postion 2.38458 m to 2.89 m
+1.000000e+00 +5.054200e-01 +0.000000e+00 +0.000000e+00 +0.000000e+00 +0.000000e+00 
+0.000000e+00 +1.000000e+00 +0.000000e+00 +0.000000e+00 +0.000000e+00 +0.000000e+00 
+0.000000e+00 +0.000000e+00 +1.000000e+00 +5.054200e-01 +0.000000e+00 +0.000000e+00 
+0.000000e+00 +0.000000e+00 +0.000000e+00 +1.000000e+00 +0.000000e+00 +0.000000e+00 
+0.000000e+00 +0.000000e+00 +0.000000e+00 +0.000000e+00 +1.000000e+00 +4.874352e-01 
+0.000000e+00 +0.000000e+00 +0.000000e+00 +0.000000e+00 +0.000000e+00 +1.000000e+00 
Element # 10
From postion 2.89 m to 3.04 m
+1.000000e+00 +1.500000e-01 +0.000000e+00 +0.000000e+00 +0.000000e+00 +0.000000e+00 
+0.000000e+00 +1.000000e+00 +0.000000e+00 +0.000000e+00 +0.000000e+00 +0.000000e+00 
+0.000000e+00 +0.000000e+00 +1.000000e+00 +1.500000e-01 +0.000000e+00 +0.000000e+00 
+0.000000e+00 +0.000000e+00 +0.000000e+00 +1.000000e+00 +0.000000e+00 +0.000000e+00 
+0.000000e+00 +0.000000e+00 +0.000000e+00 +0.000000e+00 +1.000000e+00 +1.446624e-01 
+0.000000e+00 +0.000000e+00 +0.000000e+00 +0.000000e+00 +0.000000e+00 +1.000000e+00 
Element # 11
From postion 3.04 m to 3.24 m
+8.386329e-01 +1.891218e-01 +0.000000e+00 +0.000000e+00 +0.000000e+00 +0.000000e+00 
-1.568803e+00 +8.386329e-01 +0.000000e+00 +0.000000e+00 +0.000000e+00 +0.000000e+00 
+0.000000e+00 +0.000000e+00 +1.170542e+00 +2.112452e-01 +0.000000e+00 +0.000000e+00 
+0.000000e+00 +0.000000e+00 +1.752322e+00 +1.170542e+00 +0.000000e+00 +0.000000e+00 
+0.000000e+00 +0.000000e+00 +0.000000e+00 +0.000000e+00 +1.000000e+00 +1.928832e-01 
+0.000000e+00 +0.000000e+00 +0.000000e+00 +0.000000e+00 +0.000000e+00 +1.000000e+00 
Element # 12
From postion 3.24 m to 3.39 m
+1.000000e+00 +1.500000e-01 +0.000000e+00 +0.000000e+00 +0.000000e+00 +0.000000e+00 
+0.000000e+00 +1.000000e+00 +0.000000e+00 +0.000000e+00 +0.000000e+00 +0.000000e+00 
+0.000000e+00 +0.000000e+00 +1.000000e+00 +1.500000e-01 +0.000000e+00 +0.000000e+00 
+0.000000e+00 +0.000000e+00 +0.000000e+00 +1.000000e+00 +0.000000e+00 +0.000000e+00 
+0.000000e+00 +0.000000e+00 +0.000000e+00 +0.000000e+00 +1.000000e+00 +1.446624e-01 
+0.000000e+00 +0.000000e+00 +0.000000e+00 +0.000000e+00 +0.000000e+00 +1.000000e+00 
Element # 13
From postion 3.39 m to 3.59 m
+1.171129e+00 +2.112835e-01 +0.000000e+00 +0.000000e+00 +0.000000e+00 +0.000000e+00 
+1.758505e+00 +1.171129e+00 +0.000000e+00 +0.000000e+00 +0.000000e+00 +0.000000e+00 
+0.000000e+00 +0.000000e+00 +8.381079e-01 +1.890860e-01 +0.000000e+00 +0.000000e+00 
+0.000000e+00 +0.000000e+00 -1.573756e+00 +8.381079e-01 +0.000000e+00 +0.000000e+00 
+0.000000e+00 +0.000000e+00 +0.000000e+00 +0.000000e+00 +1.000000e+00 +1.928832e-01 
+0.000000e+00 +0.000000e+00 +0.000000e+00 +0.000000e+00 +0.000000e+00 +1.000000e+00 
Element # 14
From postion 3.59 m to 3.74 m
+1.000000e+00 +1.500000e-01 +0.000000e+00 +0.000000e+00 +0.000000e+00 +0.000000e+00 
+0.000000e+00 +1.000000e+00 +0.000000e+00 +0.000000e+00 +0.000000e+00 +0.000000e+00 
+0.000000e+00 +0.000000e+00 +1.000000e+00 +1.500000e-01 +0.000000e+00 +0.000000e+00 
+0.000000e+00 +0.000000e+00 +0.000000e+00 +1.000000e+00 +0.000000e+00 +0.000000e+00 
+0.000000e+00 +0.000000e+00 +0.000000e+00 +0.000000e+00 +1.000000e+00 +1.446624e-01 
+0.000000e+00 +0.000000e+00 +0.000000e+00 +0.000000e+00 +0.000000e+00 +1.000000e+00 
Element # 15
From postion 3.74 m to 4.32942 m
+1.000000e+00 +5.894200e-01 +0.000000e+00 +0.000000e+00 +0.000000e+00 +0.000000e+00 
+0.000000e+00 +1.000000e+00 +0.000000e+00 +0.000000e+00 +0.000000e+00 +0.000000e+00 
+0.000000e+00 +0.000000e+00 +1.000000e+00 +5.894200e-01 +0.000000e+00 +0.000000e+00 
+0.000000e+00 +0.000000e+00 +0.000000e+00 +1.000000e+00 +0.000000e+00 +0.000000e+00 
+0.000000e+00 +0.000000e+00 +0.000000e+00 +0.000000e+00 +1.000000e+00 +5.684462e-01 
+0.000000e+00 +0.000000e+00 +0.000000e+00 +0.000000e+00 +0.000000e+00 +1.000000e+00 
Element # 16
From postion 4.32942 m to 4.74458 m
+1.050901e+00 +4.210895e-01 +0.000000e+00 +0.000000e+00 +0.000000e+00 +0.000000e+00 
+1.607117e-01 +1.007755e+00 +0.000000e+00 +0.000000e+00 +0.000000e+00 +0.000000e+00 
+0.000000e+00 +0.000000e+00 +1.050901e+00 +4.210895e-01 +0.000000e+00 +0.000000e+00 
+0.000000e+00 +0.000000e+00 +1.607117e-01 +1.007755e+00 +0.000000e+00 +0.000000e+00 
+0.000000e+00 +0.000000e+00 +0.000000e+00 +0.000000e+00 +8.984623e-01 +3.869879e-01 
+0.000000e+00 +0.000000e+00 +0.000000e+00 +0.000000e+00 -3.371329e-01 +9.582046e-01 
Element # 17
From postion 4.74458 m to 5.00942 m
+1.000000e+00 +2.648400e-01 +0.000000e+00 +0.000000e+00 +0.000000e+00 +0.000000e+00 
+0.000000e+00 +1.000000e+00 +0.000000e+00 +0.000000e+00 +0.000000e+00 +0.000000e+00 
+0.000000e+00 +0.000000e+00 +1.000000e+00 +2.648400e-01 +0.000000e+00 +0.000000e+00 
+0.000000e+00 +0.000000e+00 +0.000000e+00 +1.000000e+00 +0.000000e+00 +0.000000e+00 
+0.000000e+00 +0.000000e+00 +0.000000e+00 +0.000000e+00 +1.000000e+00 +2.552573e-01 
+0.000000e+00 +0.000000e+00 +0.000000e+00 +0.000000e+00 +0.000000e+00 +1.000000e+00 
Element # 18
From postion 5.00942 m to 5.42458 m
+1.051025e+00 +4.210880e-01 +0.000000e+00 +0.000000e+00 +0.000000e+00 +0.000000e+00 
+1.634286e-01 +1.008505e+00 +0.000000e+00 +0.000000e+00 +0.000000e+00 +0.000000e+00 
+0.000000e+00 +0.000000e+00 +1.051025e+00 +4.210880e-01 +0.000000e+00 +0.000000e+00 
+0.000000e+00 +0.000000e+00 +1.634286e-01 +1.008505e+00 +0.000000e+00 +0.000000e+00 
+0.000000e+00 +0.000000e+00 +0.000000e+00 +0.000000e+00 +8.982828e-01 +3.865886e-01 
+0.000000e+00 +0.000000e+00 +0.000000e+00 +0.000000e+00 -3.421412e-01 +9.561328e-01 
Element # 19
From postion 5.42458 m to 5.93 m
+1.000000e+00 +5.054200e-01 +0.000000e+00 +0.000000e+00 +0.000000e+00 +0.000000e+00 
+0.000000e+00 +1.000000e+00 +0.000000e+00 +0.000000e+00 +0.000000e+00 +0.000000e+00 
+0.000000e+00 +0.000000e+00 +1.000000e+00 +5.054200e-01 +0.000000e+00 +0.000000e+00 
+0.000000e+00 +0.000000e+00 +0.000000e+00 +1.000000e+00 +0.000000e+00 +0.000000e+00 
+0.000000e+00 +0.000000e+00 +0.000000e+00 +0.000000e+00 +1.000000e+00 +4.868163e-01 
+0.000000e+00 +0.000000e+00 +0.000000e+00 +0.000000e+00 +0.000000e+00 +1.000000e+00 
Element # 20
From postion 5.93 m to 6.08 m
+1.000000e+00 +1.500000e-01 +0.000000e+00 +0.000000e+00 +0.000000e+00 +0.000000e+00 
+0.000000e+00 +1.000000e+00 +0.000000e+00 +0.000000e+00 +0.000000e+00 +0.000000e+00 
+0.000000e+00 +0.000000e+00 +1.000000e+00 +1.500000e-01 +0.000000e+00 +0.000000e+00 
+0.000000e+00 +0.000000e+00 +0.000000e+00 +1.000000e+00 +0.000000e+00 +0.000000e+00 
+0.000000e+00 +0.000000e+00 +0.000000e+00 +0.000000e+00 +1.000000e+00 +1.444787e-01 
+0.000000e+00 +0.000000e+00 +0.000000e+00 +0.000000e+00 +0.000000e+00 +1.000000e+00 
Element # 21
From postion 6.08 m to 6.28 m
+8.388386e-01 +1.891358e-01 +0.000000e+00 +0.000000e+00 +0.000000e+00 +0.000000e+00 
-1.566863e+00 +8.388386e-01 +0.000000e+00 +0.000000e+00 +0.000000e+00 +0.000000e+00 
+0.000000e+00 +0.000000e+00 +1.170313e+00 +2.112302e-01 +0.000000e+00 +0.000000e+00 
+0.000000e+00 +0.000000e+00 +1.749900e+00 +1.170313e+00 +0.000000e+00 +0.000000e+00 
+0.000000e+00 +0.000000e+00 +0.000000e+00 +0.000000e+00 +1.000000e+00 +1.926383e-01 
+0.000000e+00 +0.000000e+00 +0.000000e+00 +0.000000e+00 +0.000000e+00 +1.000000e+00 
Element # 22
From postion 6.28 m to 6.43 m
+1.000000e+00 +1.500000e-01 +0.000000e+00 +0.000000e+00 +0.000000e+00 +0.000000e+00 
+0.000000e+00 +1.000000e+00 +0.000000e+00 +0.000000e+00 +0.000000e+00 +0.000000e+00 
+0.000000e+00 +0.000000e+00 +1.000000e+00 +1.500000e-01 +0.000000e+00 +0.000000e+00 
+0.000000e+00 +0.000000e+00 +0.000000e+00 +1.000000e+00 +0.000000e+00 +0.000000e+00 
+0.000000e+00 +0.000000e+00 +0.000000e+00 +0.000000e+00 +1.000000e+00 +1.444787e-01 
+0.000000e+00 +0.000000e+00 +0.000000e+00 +0.000000e+00 +0.000000e+00 +1.000000e+00 
Element # 23
From postion 6.43 m to 6.63 m
+1.170843e+00 +2.112648e-01 +0.000000e+00 +0.000000e+00 +0.000000e+00 +0.000000e+00 
+1.755491e+00 +1.170843e+00 +0.000000e+00 +0.000000e+00 +0.000000e+00 +0.000000e+00 
+0.000000e+00 +0.000000e+00 +8.383638e-01 +1.891034e-01 +0.000000e+00 +0.000000e+00 
+0.000000e+00 +0.000000e+00 -1.571342e+00 +8.383638e-01 +0.000000e+00 +0.000000e+00 
+0.000000e+00 +0.000000e+00 +0.000000e+00 +0.000000e+00 +1.000000e+00 +1.926383e-01 
+0.000000e+00 +0.000000e+00 +0.000000e+00 +0.000000e+00 +0.000000e+00 +1.000000e+00 
Element # 24
From postion 6.63 m to 6.78 m
+1.000000e+00 +1.500000e-01 +0.000000e+00 +0.000000e+00 +0.000000e+00 +0.000000e+00 
+0.000000e+00 +1.000000e+00 +0.000000e+00 +0.000000e+00 +0.000000e+00 +0.000000e+00 
+0.000000e+00 +0.000000e+00 +1.000000e+00 +1.500000e-01 +0.000000e+00 +0.000000e+00 
+0.000000e+00 +0.000000e+00 +0.000000e+00 +1.000000e+00 +0.000000e+00 +0.000000e+00 
+0.000000e+00 +0.000000e+00 +0.000000e+00 +0.000000e+00 +1.000000e+00 +1.444787e-01 
+0.000000e+00 +0.000000e+00 +0.000000e+00 +0.000000e+00 +0.000000e+00 +1.000000e+00 
Element # 25
From postion 6.78 m to 7.36942 m
+1.000000e+00 +5.894200e-01 +0.000000e+00 +0.000000e+00 +0.000000e+00 +0.000000e+00 
+0.000000e+00 +1.000000e+00 +0.000000e+00 +0.000000e+00 +0.000000e+00 +0.000000e+00 
+0.000000e+00 +0.000000e+00 +1.000000e+00 +5.894200e-01 +0.000000e+00 +0.000000e+00 
+0.000000e+00 +0.000000e+00 +0.000000e+00 +1.000000e+00 +0.000000e+00 +0.000000e+00 
+0.000000e+00 +0.000000e+00 +0.000000e+00 +0.000000e+00 +1.000000e+00 +5.677243e-01 
+0.000000e+00 +0.000000e+00 +0.000000e+00 +0.000000e+00 +0.000000e+00 +1.000000e+00 
Element # 26
From postion 7.36942 m to 7.78458 m
+1.050328e+00 +4.208435e-01 +0.000000e+00 +0.000000e+00 +0.000000e+00 +0.000000e+00 
+1.614233e-01 +1.008009e+00 +0.000000e+00 +0.000000e+00 +0.000000e+00 +0.000000e+00 
+0.000000e+00 +0.000000e+00 +1.050328e+00 +4.208435e-01 +0.000000e+00 +0.000000e+00 
+0.000000e+00 +0.000000e+00 +1.614233e-01 +1.008009e+00 +0.000000e+00 +0.000000e+00 
+0.000000e+00 +0.000000e+00 +0.000000e+00 +0.000000e+00 +8.996692e-01 +3.864800e-01 
+0.000000e+00 +0.000000e+00 +0.000000e+00 +0.000000e+00 -3.378021e-01 +9.561871e-01 
Element # 27
From postion 7.78458 m to 8.04942 m
+1.000000e+00 +2.648400e-01 +0.000000e+00 +0.000000e+00 +0.000000e+00 +0.000000e+00 
+0.000000e+00 +1.000000e+00 +0.000000e+00 +0.000000e+00 +0.000000e+00 +0.000000e+00 
+0.000000e+00 +0.000000e+00 +1.000000e+00 +2.648400e-01 +0.000000e+00 +0.000000e+00 
+0.000000e+00 +0.000000e+00 +0.000000e+00 +1.000000e+00 +0.000000e+00 +0.000000e+00 
+0.000000e+00 +0.000000e+00 +0.000000e+00 +0.000000e+00 +1.000000e+00 +2.549167e-01 
+0.000000e+00 +0.000000e+00 +0.000000e+00 +0.000000e+00 +0.000000e+00 +1.000000e+00 
Element # 28
From postion 8.04942 m to 8.46458 m
+1.050304e+00 +4.208266e-01 +0.000000e+00 +0.000000e+00 +0.000000e+00 +0.000000e+00 
+1.637169e-01 +1.008732e+00 +0.000000e+00 +0.000000e+00 +0.000000e+00 +0.000000e+00 
+0.000000e+00 +0.000000e+00 +1.050304e+00 +4.208266e-01 +0.000000e+00 +0.000000e+00 
+0.000000e+00 +0.000000e+00 +1.637169e-01 +1.008732e+00 +0.000000e+00 +0.000000e+00 
+0.000000e+00 +0.000000e+00 +0.000000e+00 +0.000000e+00 +8.997756e-01 +3.860814e-01 
+0.000000e+00 +0.000000e+00 +0.000000e+00 +0.000000e+00 -3.419766e-01 +9.541804e-01 
Element # 29
From postion 8.46458 m to 8.97 m
+1.000000e+00 +5.054200e-01 +0.000000e+00 +0.000000e+00 +0.000000e+00 +0.000000e+00 
+0.000000e+00 +1.000000e+00 +0.000000e+00 +0.000000e+00 +0.000000e+00 +0.000000e+00 
+0.000000e+00 +0.000000e+00 +1.000000e+00 +5.054200e-01 +0.000000e+00 +0.000000e+00 
+0.000000e+00 +0.000000e+00 +0.000000e+00 +1.000000e+00 +0.000000e+00 +0.000000e+00 
+0.000000e+00 +0.000000e+00 +0.000000e+00 +0.000000e+00 +1.000000e+00 +4.861343e-01 
+0.000000e+00 +0.000000e+00 +0.000000e+00 +0.000000e+00 +0.000000e+00 +1.000000e+00 
Element # 30
From postion 8.97 m to 9.12 m
+1.000000e+00 +1.500000e-01 +0.000000e+00 +0.000000e+00 +0.000000e+00 +0.000000e+00 
+0.000000e+00 +1.000000e+00 +0.000000e+00 +0.000000e+00 +0.000000e+00 +0.000000e+00 
+0.000000e+00 +0.000000e+00 +1.000000e+00 +1.500000e-01 +0.000000e+00 +0.000000e+00 
+0.000000e+00 +0.000000e+00 +0.000000e+00 +1.000000e+00 +0.000000e+00 +0.000000e+00 
+0.000000e+00 +0.000000e+00 +0.000000e+00 +0.000000e+00 +1.000000e+00 +1.442763e-01 
+0.000000e+00 +0.000000e+00 +0.000000e+00 +0.000000e+00 +0.000000e+00 +1.000000e+00 
Element # 31
From postion 9.12 m to 9.32 m
+8.390481e-01 +1.891501e-01 +0.000000e+00 +0.000000e+00 +0.000000e+00 +0.000000e+00 
-1.564886e+00 +8.390481e-01 +0.000000e+00 +0.000000e+00 +0.000000e+00 +0.000000e+00 
+0.000000e+00 +0.000000e+00 +1.170079e+00 +2.112150e-01 +0.000000e+00 +0.000000e+00 
+0.000000e+00 +0.000000e+00 +1.747434e+00 +1.170079e+00 +0.000000e+00 +0.000000e+00 
+0.000000e+00 +0.000000e+00 +0.000000e+00 +0.000000e+00 +1.000000e+00 +1.923684e-01 
+0.000000e+00 +0.000000e+00 +0.000000e+00 +0.000000e+00 +0.000000e+00 +1.000000e+00 
Element # 32
From postion 9.32 m to 9.47 m
+1.000000e+00 +1.500000e-01 +0.000000e+00 +0.000000e+00 +0.000000e+00 +0.000000e+00 
+0.000000e+00 +1.000000e+00 +0.000000e+00 +0.000000e+00 +0.000000e+00 +0.000000e+00 
+0.000000e+00 +0.000000e+00 +1.000000e+00 +1.500000e-01 +0.000000e+00 +0.000000e+00 
+0.000000e+00 +0.000000e+00 +0.000000e+00 +1.000000e+00 +0.000000e+00 +0.000000e+00 
+0.000000e+00 +0.000000e+00 +0.000000e+00 +0.000000e+00 +1.000000e+00 +1.442763e-01 
+0.000000e+00 +0.000000e+00 +0.000000e+00 +0.000000e+00 +0.000000e+00 +1.000000e+00 
Element # 33
From postion 9.47 m to 9.67 m
+1.170552e+00 +2.112458e-01 +0.000000e+00 +0.000000e+00 +0.000000e+00 +0.000000e+00 
+1.752420e+00 +1.170552e+00 +0.000000e+00 +0.000000e+00 +0.000000e+00 +0.000000e+00 
+0.000000e+00 +0.000000e+00 +8.386245e-01 +1.891212e-01 +0.000000e+00 +0.000000e+00 
+0.000000e+00 +0.000000e+00 -1.568882e+00 +8.386245e-01 +0.000000e+00 +0.000000e+00 
+0.000000e+00 +0.000000e+00 +0.000000e+00 +0.000000e+00 +1.000000e+00 +1.923684e-01 
+0.000000e+00 +0.000000e+00 +0.000000e+00 +0.000000e+00 +0.000000e+00 +1.000000e+00 
Element # 34
From postion 9.67 m to 9.82 m
+1.000000e+00 +1.500000e-01 +0.000000e+00 +0.000000e+00 +0.000000e+00 +0.000000e+00 
+0.000000e+00 +1.000000e+00 +0.000000e+00 +0.000000e+00 +0.000000e+00 +0.000000e+00 
+0.000000e+00 +0.000000e+00 +1.000000e+00 +1.500000e-01 +0.000000e+00 +0.000000e+00 
+0.000000e+00 +0.000000e+00 +0.000000e+00 +1.000000e+00 +0.000000e+00 +0.000000e+00 
+0.000000e+00 +0.000000e+00 +0.000000e+00 +0.000000e+00 +1.000000e+00 +1.442763e-01 
+0.000000e+00 +0.000000e+00 +0.000000e+00 +0.000000e+00 +0.000000e+00 +1.000000e+00 
Element # 35
From postion 9.82 m to 10.40942 m
+1.000000e+00 +5.894200e-01 +0.000000e+00 +0.000000e+00 +0.000000e+00 +0.000000e+00 
+0.000000e+00 +1.000000e+00 +0.000000e+00 +0.000000e+00 +0.000000e+00 +0.000000e+00 
+0.000000e+00 +0.000000e+00 +1.000000e+00 +5.894200e-01 +0.000000e+00 +0.000000e+00 
+0.000000e+00 +0.000000e+00 +0.000000e+00 +1.000000e+00 +0.000000e+00 +0.000000e+00 
+0.000000e+00 +0.000000e+00 +0.000000e+00 +0.000000e+00 +1.000000e+00 +5.669290e-01 
+0.000000e+00 +0.000000e+00 +0.000000e+00 +0.000000e+00 +0.000000e+00 +1.000000e+00 
Element # 36
From postion 10.40942 m to 10.82458 m
+1.049733e+00 +4.205951e-01 +0.000000e+00 +0.000000e+00 +0.000000e+00 +0.000000e+00 
+1.621087e-01 +1.008214e+00 +0.000000e+00 +0.000000e+00 +0.000000e+00 +0.000000e+00 
+0.000000e+00 +0.000000e+00 +1.049733e+00 +4.205951e-01 +0.000000e+00 +0.000000e+00 
+0.000000e+00 +0.000000e+00 +1.621087e-01 +1.008214e+00 +0.000000e+00 +0.000000e+00 
+0.000000e+00 +0.000000e+00 +0.000000e+00 +0.000000e+00 +9.009071e-01 +3.858948e-01 
+0.000000e+00 +0.000000e+00 +0.000000e+00 +0.000000e+00 -3.385465e-01 +9.540724e-01 
Element # 37
From postion 10.82458 m to 11.08942 m
+1.000000e+00 +2.648400e-01 +0.000000e+00 +0.000000e+00 +0.000000e+00 +0.000000e+00 
+0.000000e+00 +1.000000e+00 +0.000000e+00 +0.000000e+00 +0.000000e+00 +0.000000e+00 
+0.000000e+00 +0.000000e+00 +1.000000e+00 +2.648400e-01 +0.000000e+00 +0.000000e+00 
+0.000000e+00 +0.000000e+00 +0.000000e+00 +1.000000e+00 +0.000000e+00 +0.000000e+00 
+0.000000e+00 +0.000000e+00 +0.000000e+00 +0.000000e+00 +1.000000e+00 +2.545406e-01 
+0.000000e+00 +0.000000e+00 +0.000000e+00 +0.000000e+00 +0.000000e+00 +1.000000e+00 
Element # 38
From postion 11.08942 m to 11.50458 m
+1.049550e+00 +4.205615e-01 +0.000000e+00 +0.000000e+00 +0.000000e+00 +0.000000e+00 
+1.639420e-01 +1.008909e+00 +0.000000e+00 +0.000000e+00 +0.000000e+00 +0.000000e+00 
+0.000000e+00 +0.000000e+00 +1.049550e+00 +4.205615e-01 +0.000000e+00 +0.000000e+00 
+0.000000e+00 +0.000000e+00 +1.639420e-01 +1.008909e+00 +0.000000e+00 +0.000000e+00 
+0.000000e+00 +0.000000e+00 +0.000000e+00 +0.000000e+00 +9.013215e-01 +3.854953e-01 
+0.000000e+00 +0.000000e+00 +0.000000e+00 +0.000000e+00 -3.418180e-01 +9.521398e-01 
Element # 39
From postion 11.50458 m to 12.01 m
+1.000000e+00 +5.054200e-01 +0.000000e+00 +0.000000e+00 +0.000000e+00 +0.000000e+00 
+0.000000e+00 +1.000000e+00 +0.000000e+00 +0.000000e+00 +0.000000e+00 +0.000000e+00 
+0.000000e+00 +0.000000e+00 +1.000000e+00 +5.054200e-01 +0.000000e+00 +0.000000e+00 
+0.000000e+00 +0.000000e+00 +0.000000e+00 +1.000000e+00 +0.000000e+00 +0.000000e+00 
+0.000000e+00 +0.000000e+00 +0.000000e+00 +0.000000e+00 +1.000000e+00 +4.853795e-01 
+0.000000e+00 +0.000000e+00 +0.000000e+00 +0.000000e+00 +0.000000e+00 +1.000000e+00 

