charge 1 1 1.000000000000
linac 1 16.6 176.1 100 1.000000000000 176.1 0 -0 0
current 0
plt_comp 1
elimit 0 1000 0 0 0 0
i99_type 10000
beam_import -0 10 0 0
picnic_3d 0 0.015 0.064 7 7 0 0 1
stop_lost 1
init_aper 10
trans_ele  1 3 491.137 20 10 0 1 3 0 0 0 0 0 0 0 0 0 0 0 0 0 0 0 0 0 0 0 0 0 0 0
trans_ele  2 1 15 13 10 0 1 3 0.000000 0.000000
trans_ele  3 3 -492.946 20 10 0 1 3 0 0 0 0 0 0 0 0 0 0 0 0 0 0 0 0 0 0 0 0 0 0 0
trans_ele  4 1 15 13 10 0 1 3 0.000000 0.000000
trans_ele  5 1 58.942 48 3 0 1 3 0.000000 0.000000
trans_ele  6 28 100 41.516 0 34 0 1.72733 2 110.183 3 1 34 0 0 1 3 0 0 0 0 0 0 0 0 1 1 0 0 0 0 0 1 0 0 0 0 0 0 0 0 0 0 0 0 0 0 0 0 0 0 0
trans_ele  7 1 26.484 22 3 0 1 3 0.000000 0.000000
trans_ele  8 28 100 41.516 0 34 0 1.72733 2 113.994 3 1 34 0 0 1 3 0 0 0 0 0 0 0 0 1 1 0 0 0 0 0 1 0 0 0 0 0 0 0 0 0 0 0 0 0 0 0 0 0 0 0
trans_ele  9 1 50.542 41 3 0 1 3 0.000000 0.000000
trans_ele 10 1 15 13 10 0 1 3 0.000000 0.000000
trans_ele 11 3 498.688 20 10 0 1 3 0 0 0 0 0 0 0 0 0 0 0 0 0 0 0 0 0 0 0 0 0 0 0
trans_ele 12 1 15 13 10 0 1 3 0.000000 0.000000
trans_ele 13 3 -500.357 20 10 0 1 3 0 0 0 0 0 0 0 0 0 0 0 0 0 0 0 0 0 0 0 0 0 0 0
trans_ele 14 1 15 13 10 0 1 3 0.000000 0.000000
trans_ele 15 1 58.942 47 3 0 1 3 0.000000 0.000000
trans_ele 16 28 100 41.516 0 34 0 1.70258 2 118.991 3 1 34 0 0 1 3 0 0 0 0 0 0 0 0 1 1 0 0 0 0 0 1 0 0 0 0 0 0 0 0 0 0 0 0 0 0 0 0 0 0 0
trans_ele 17 1 26.484 22 3 0 1 3 0.000000 0.000000
trans_ele 18 28 100 41.516 0 34 0 1.70258 2 122.965 3 1 34 0 0 1 3 0 0 0 0 0 0 0 0 1 1 0 0 0 0 0 1 0 0 0 0 0 0 0 0 0 0 0 0 0 0 0 0 0 0 0
trans_ele 19 1 50.542 40 3 0 1 3 0.000000 0.000000
trans_ele 20 1 15 12 10 0 1 3 0.000000 0.000000
trans_ele 21 3 506.854 20 10 0 1 3 0 0 0 0 0 0 0 0 0 0 0 0 0 0 0 0 0 0 0 0 0 0 0
trans_ele 22 1 15 12 10 0 1 3 0.000000 0.000000
trans_ele 23 3 -508.39 20 10 0 1 3 0 0 0 0 0 0 0 0 0 0 0 0 0 0 0 0 0 0 0 0 0 0 0
trans_ele 24 1 15 12 10 0 1 3 0.000000 0.000000
trans_ele 25 1 58.942 46 3 0 1 3 0.000000 0.000000
trans_ele 26 28 100 41.516 0 34 0 1.68999 2 128.177 3 1 34 0 0 1 3 0 0 0 0 0 0 0 0 1 1 0 0 0 0 0 1 0 0 0 0 0 0 0 0 0 0 0 0 0 0 0 0 0 0 0
trans_ele 27 1 26.484 21 3 0 1 3 0.000000 0.000000
trans_ele 28 28 100 41.516 0 34 0 1.68999 2 132.328 3 1 34 0 0 1 3 0 0 0 0 0 0 0 0 1 1 0 0 0 0 0 1 0 0 0 0 0 0 0 0 0 0 0 0 0 0 0 0 0 0 0
trans_ele 29 1 50.542 39 3 0 1 3 0.000000 0.000000
trans_ele 30 1 15 12 10 0 1 3 0.000000 0.000000
trans_ele 31 3 515.732 20 10 0 1 3 0 0 0 0 0 0 0 0 0 0 0 0 0 0 0 0 0 0 0 0 0 0 0
trans_ele 32 1 15 12 10 0 1 3 0.000000 0.000000
trans_ele 33 3 -517.128 20 10 0 1 3 0 0 0 0 0 0 0 0 0 0 0 0 0 0 0 0 0 0 0 0 0 0 0
trans_ele 34 1 15 12 10 0 1 3 0.000000 0.000000
trans_ele 35 1 58.942 45 3 0 1 3 0.000000 0.000000
trans_ele 36 28 100 41.516 0 34 0 1.68927 2 137.745 3 1 34 0 0 1 3 0 0 0 0 0 0 0 0 1 1 0 0 0 0 0 1 0 0 0 0 0 0 0 0 0 0 0 0 0 0 0 0 0 0 0
trans_ele 37 1 26.484 21 3 0 1 3 0.000000 0.000000
trans_ele 38 28 100 41.516 0 32 0 1.68927 2 142.089 3 1 32 0 0 1 3 0 0 0 0 0 0 0 0 1 1 0 0 0 0 0 1 0 0 0 0 0 0 0 0 0 0 0 0 0 0 0 0 0 0 0
trans_ele 39 1 50.542 39 3 0 1 3 0.000000 0.000000
begin
