Element # 1
From postion 0 m to 0.2 m
+8.384339e-01 +1.891082e-01 +0.000000e+00 +0.000000e+00 +0.000000e+00 +0.000000e+00 
-1.570681e+00 +8.384339e-01 +0.000000e+00 +0.000000e+00 +0.000000e+00 +0.000000e+00 
+0.000000e+00 +0.000000e+00 +1.170765e+00 +2.112597e-01 +0.000000e+00 +0.000000e+00 
+0.000000e+00 +0.000000e+00 +1.754665e+00 +1.170765e+00 +0.000000e+00 +0.000000e+00 
+0.000000e+00 +0.000000e+00 +0.000000e+00 +0.000000e+00 +1.000000e+00 +1.931066e-01 
+0.000000e+00 +0.000000e+00 +0.000000e+00 +0.000000e+00 +0.000000e+00 +1.000000e+00 
Element # 2
From postion 0.2 m to 0.35 m
+1.000000e+00 +1.500000e-01 +0.000000e+00 +0.000000e+00 +0.000000e+00 +0.000000e+00 
+0.000000e+00 +1.000000e+00 +0.000000e+00 +0.000000e+00 +0.000000e+00 +0.000000e+00 
+0.000000e+00 +0.000000e+00 +1.000000e+00 +1.500000e-01 +0.000000e+00 +0.000000e+00 
+0.000000e+00 +0.000000e+00 +0.000000e+00 +1.000000e+00 +0.000000e+00 +0.000000e+00 
+0.000000e+00 +0.000000e+00 +0.000000e+00 +0.000000e+00 +1.000000e+00 +1.448300e-01 
+0.000000e+00 +0.000000e+00 +0.000000e+00 +0.000000e+00 +0.000000e+00 +1.000000e+00 
Element # 3
From postion 0.35 m to 0.55 m
+1.171411e+00 +2.113019e-01 +0.000000e+00 +0.000000e+00 +0.000000e+00 +0.000000e+00 
+1.761479e+00 +1.171411e+00 +0.000000e+00 +0.000000e+00 +0.000000e+00 +0.000000e+00 
+0.000000e+00 +0.000000e+00 +8.378554e-01 +1.890688e-01 +0.000000e+00 +0.000000e+00 
+0.000000e+00 +0.000000e+00 -1.576137e+00 +8.378554e-01 +0.000000e+00 +0.000000e+00 
+0.000000e+00 +0.000000e+00 +0.000000e+00 +0.000000e+00 +1.000000e+00 +1.931066e-01 
+0.000000e+00 +0.000000e+00 +0.000000e+00 +0.000000e+00 +0.000000e+00 +1.000000e+00 
Element # 4
From postion 0.55 m to 0.7 m
+1.000000e+00 +1.500000e-01 +0.000000e+00 +0.000000e+00 +0.000000e+00 +0.000000e+00 
+0.000000e+00 +1.000000e+00 +0.000000e+00 +0.000000e+00 +0.000000e+00 +0.000000e+00 
+0.000000e+00 +0.000000e+00 +1.000000e+00 +1.500000e-01 +0.000000e+00 +0.000000e+00 
+0.000000e+00 +0.000000e+00 +0.000000e+00 +1.000000e+00 +0.000000e+00 +0.000000e+00 
+0.000000e+00 +0.000000e+00 +0.000000e+00 +0.000000e+00 +1.000000e+00 +1.448300e-01 
+0.000000e+00 +0.000000e+00 +0.000000e+00 +0.000000e+00 +0.000000e+00 +1.000000e+00 
Element # 5
From postion 0.7 m to 1.28942 m
+1.000000e+00 +5.894200e-01 +0.000000e+00 +0.000000e+00 +0.000000e+00 +0.000000e+00 
+0.000000e+00 +1.000000e+00 +0.000000e+00 +0.000000e+00 +0.000000e+00 +0.000000e+00 
+0.000000e+00 +0.000000e+00 +1.000000e+00 +5.894200e-01 +0.000000e+00 +0.000000e+00 
+0.000000e+00 +0.000000e+00 +0.000000e+00 +1.000000e+00 +0.000000e+00 +0.000000e+00 
+0.000000e+00 +0.000000e+00 +0.000000e+00 +0.000000e+00 +1.000000e+00 +5.691046e-01 
+0.000000e+00 +0.000000e+00 +0.000000e+00 +0.000000e+00 +0.000000e+00 +1.000000e+00 
Element # 6
From postion 1.28942 m to 1.70458 m
+1.051584e+00 +4.213543e-01 +0.000000e+00 +0.000000e+00 +0.000000e+00 +0.000000e+00 
+1.608106e-01 +1.007627e+00 +0.000000e+00 +0.000000e+00 +0.000000e+00 +0.000000e+00 
+0.000000e+00 +0.000000e+00 +1.051584e+00 +4.213543e-01 +0.000000e+00 +0.000000e+00 
+0.000000e+00 +0.000000e+00 +1.608106e-01 +1.007627e+00 +0.000000e+00 +0.000000e+00 
+0.000000e+00 +0.000000e+00 +0.000000e+00 +0.000000e+00 +8.973793e-01 +3.874188e-01 
+0.000000e+00 +0.000000e+00 +0.000000e+00 +0.000000e+00 -3.364001e-01 +9.600377e-01 
Element # 7
From postion 1.70458 m to 1.96942 m
+1.000000e+00 +2.648400e-01 +0.000000e+00 +0.000000e+00 +0.000000e+00 +0.000000e+00 
+0.000000e+00 +1.000000e+00 +0.000000e+00 +0.000000e+00 +0.000000e+00 +0.000000e+00 
+0.000000e+00 +0.000000e+00 +1.000000e+00 +2.648400e-01 +0.000000e+00 +0.000000e+00 
+0.000000e+00 +0.000000e+00 +0.000000e+00 +1.000000e+00 +0.000000e+00 +0.000000e+00 
+0.000000e+00 +0.000000e+00 +0.000000e+00 +0.000000e+00 +1.000000e+00 +2.555672e-01 
+0.000000e+00 +0.000000e+00 +0.000000e+00 +0.000000e+00 +0.000000e+00 +1.000000e+00 
Element # 8
From postion 1.96942 m to 2.38458 m
+1.051837e+00 +4.213672e-01 +0.000000e+00 +0.000000e+00 +0.000000e+00 +0.000000e+00 
+1.638960e-01 +1.008400e+00 +0.000000e+00 +0.000000e+00 +0.000000e+00 +0.000000e+00 
+0.000000e+00 +0.000000e+00 +1.051837e+00 +4.213672e-01 +0.000000e+00 +0.000000e+00 
+0.000000e+00 +0.000000e+00 +1.638960e-01 +1.008400e+00 +0.000000e+00 +0.000000e+00 
+0.000000e+00 +0.000000e+00 +0.000000e+00 +0.000000e+00 +8.969264e-01 +3.870175e-01 
+0.000000e+00 +0.000000e+00 +0.000000e+00 +0.000000e+00 -3.422056e-01 +9.579072e-01 
Element # 9
From postion 2.38458 m to 2.89 m
+1.000000e+00 +5.054200e-01 +0.000000e+00 +0.000000e+00 +0.000000e+00 +0.000000e+00 
+0.000000e+00 +1.000000e+00 +0.000000e+00 +0.000000e+00 +0.000000e+00 +0.000000e+00 
+0.000000e+00 +0.000000e+00 +1.000000e+00 +5.054200e-01 +0.000000e+00 +0.000000e+00 
+0.000000e+00 +0.000000e+00 +0.000000e+00 +1.000000e+00 +0.000000e+00 +0.000000e+00 
+0.000000e+00 +0.000000e+00 +0.000000e+00 +0.000000e+00 +1.000000e+00 +4.874354e-01 
+0.000000e+00 +0.000000e+00 +0.000000e+00 +0.000000e+00 +0.000000e+00 +1.000000e+00 
Element # 10
From postion 2.89 m to 3.04 m
+1.000000e+00 +1.500000e-01 +0.000000e+00 +0.000000e+00 +0.000000e+00 +0.000000e+00 
+0.000000e+00 +1.000000e+00 +0.000000e+00 +0.000000e+00 +0.000000e+00 +0.000000e+00 
+0.000000e+00 +0.000000e+00 +1.000000e+00 +1.500000e-01 +0.000000e+00 +0.000000e+00 
+0.000000e+00 +0.000000e+00 +0.000000e+00 +1.000000e+00 +0.000000e+00 +0.000000e+00 
+0.000000e+00 +0.000000e+00 +0.000000e+00 +0.000000e+00 +1.000000e+00 +1.446625e-01 
+0.000000e+00 +0.000000e+00 +0.000000e+00 +0.000000e+00 +0.000000e+00 +1.000000e+00 
Element # 11
From postion 3.04 m to 3.24 m
+8.386323e-01 +1.891217e-01 +0.000000e+00 +0.000000e+00 +0.000000e+00 +0.000000e+00 
-1.568809e+00 +8.386323e-01 +0.000000e+00 +0.000000e+00 +0.000000e+00 +0.000000e+00 
+0.000000e+00 +0.000000e+00 +1.170543e+00 +2.112453e-01 +0.000000e+00 +0.000000e+00 
+0.000000e+00 +0.000000e+00 +1.752329e+00 +1.170543e+00 +0.000000e+00 +0.000000e+00 
+0.000000e+00 +0.000000e+00 +0.000000e+00 +0.000000e+00 +1.000000e+00 +1.928833e-01 
+0.000000e+00 +0.000000e+00 +0.000000e+00 +0.000000e+00 +0.000000e+00 +1.000000e+00 
Element # 12
From postion 3.24 m to 3.39 m
+1.000000e+00 +1.500000e-01 +0.000000e+00 +0.000000e+00 +0.000000e+00 +0.000000e+00 
+0.000000e+00 +1.000000e+00 +0.000000e+00 +0.000000e+00 +0.000000e+00 +0.000000e+00 
+0.000000e+00 +0.000000e+00 +1.000000e+00 +1.500000e-01 +0.000000e+00 +0.000000e+00 
+0.000000e+00 +0.000000e+00 +0.000000e+00 +1.000000e+00 +0.000000e+00 +0.000000e+00 
+0.000000e+00 +0.000000e+00 +0.000000e+00 +0.000000e+00 +1.000000e+00 +1.446625e-01 
+0.000000e+00 +0.000000e+00 +0.000000e+00 +0.000000e+00 +0.000000e+00 +1.000000e+00 
Element # 13
From postion 3.39 m to 3.59 m
+1.171130e+00 +2.112835e-01 +0.000000e+00 +0.000000e+00 +0.000000e+00 +0.000000e+00 
+1.758512e+00 +1.171130e+00 +0.000000e+00 +0.000000e+00 +0.000000e+00 +0.000000e+00 
+0.000000e+00 +0.000000e+00 +8.381073e-01 +1.890859e-01 +0.000000e+00 +0.000000e+00 
+0.000000e+00 +0.000000e+00 -1.573762e+00 +8.381073e-01 +0.000000e+00 +0.000000e+00 
+0.000000e+00 +0.000000e+00 +0.000000e+00 +0.000000e+00 +1.000000e+00 +1.928833e-01 
+0.000000e+00 +0.000000e+00 +0.000000e+00 +0.000000e+00 +0.000000e+00 +1.000000e+00 
Element # 14
From postion 3.59 m to 3.74 m
+1.000000e+00 +1.500000e-01 +0.000000e+00 +0.000000e+00 +0.000000e+00 +0.000000e+00 
+0.000000e+00 +1.000000e+00 +0.000000e+00 +0.000000e+00 +0.000000e+00 +0.000000e+00 
+0.000000e+00 +0.000000e+00 +1.000000e+00 +1.500000e-01 +0.000000e+00 +0.000000e+00 
+0.000000e+00 +0.000000e+00 +0.000000e+00 +1.000000e+00 +0.000000e+00 +0.000000e+00 
+0.000000e+00 +0.000000e+00 +0.000000e+00 +0.000000e+00 +1.000000e+00 +1.446625e-01 
+0.000000e+00 +0.000000e+00 +0.000000e+00 +0.000000e+00 +0.000000e+00 +1.000000e+00 
Element # 15
From postion 3.74 m to 4.32942 m
+1.000000e+00 +5.894200e-01 +0.000000e+00 +0.000000e+00 +0.000000e+00 +0.000000e+00 
+0.000000e+00 +1.000000e+00 +0.000000e+00 +0.000000e+00 +0.000000e+00 +0.000000e+00 
+0.000000e+00 +0.000000e+00 +1.000000e+00 +5.894200e-01 +0.000000e+00 +0.000000e+00 
+0.000000e+00 +0.000000e+00 +0.000000e+00 +1.000000e+00 +0.000000e+00 +0.000000e+00 
+0.000000e+00 +0.000000e+00 +0.000000e+00 +0.000000e+00 +1.000000e+00 +5.684464e-01 
+0.000000e+00 +0.000000e+00 +0.000000e+00 +0.000000e+00 +0.000000e+00 +1.000000e+00 
Element # 16
From postion 4.32942 m to 4.74458 m
+1.050985e+00 +4.211076e-01 +0.000000e+00 +0.000000e+00 +0.000000e+00 +0.000000e+00 
+1.614687e-01 +1.007943e+00 +0.000000e+00 +0.000000e+00 +0.000000e+00 +0.000000e+00 
+0.000000e+00 +0.000000e+00 +1.050985e+00 +4.211076e-01 +0.000000e+00 +0.000000e+00 
+0.000000e+00 +0.000000e+00 +1.614687e-01 +1.007943e+00 +0.000000e+00 +0.000000e+00 
+0.000000e+00 +0.000000e+00 +0.000000e+00 +0.000000e+00 +8.985934e-01 +3.869834e-01 
+0.000000e+00 +0.000000e+00 +0.000000e+00 +0.000000e+00 -3.370038e-01 +9.580785e-01 
Element # 17
From postion 4.74458 m to 5.00942 m
+1.000000e+00 +2.648400e-01 +0.000000e+00 +0.000000e+00 +0.000000e+00 +0.000000e+00 
+0.000000e+00 +1.000000e+00 +0.000000e+00 +0.000000e+00 +0.000000e+00 +0.000000e+00 
+0.000000e+00 +0.000000e+00 +1.000000e+00 +2.648400e-01 +0.000000e+00 +0.000000e+00 
+0.000000e+00 +0.000000e+00 +0.000000e+00 +1.000000e+00 +0.000000e+00 +0.000000e+00 
+0.000000e+00 +0.000000e+00 +0.000000e+00 +0.000000e+00 +1.000000e+00 +2.552574e-01 
+0.000000e+00 +0.000000e+00 +0.000000e+00 +0.000000e+00 +0.000000e+00 +1.000000e+00 
Element # 18
From postion 5.00942 m to 5.42458 m
+1.051100e+00 +4.211054e-01 +0.000000e+00 +0.000000e+00 +0.000000e+00 +0.000000e+00 
+1.641477e-01 +1.008687e+00 +0.000000e+00 +0.000000e+00 +0.000000e+00 +0.000000e+00 
+0.000000e+00 +0.000000e+00 +1.051100e+00 +4.211054e-01 +0.000000e+00 +0.000000e+00 
+0.000000e+00 +0.000000e+00 +1.641477e-01 +1.008687e+00 +0.000000e+00 +0.000000e+00 
+0.000000e+00 +0.000000e+00 +0.000000e+00 +0.000000e+00 +8.984100e-01 +3.865848e-01 
+0.000000e+00 +0.000000e+00 +0.000000e+00 +0.000000e+00 -3.420084e-01 +9.560139e-01 
Element # 19
From postion 5.42458 m to 5.93 m
+1.000000e+00 +5.054200e-01 +0.000000e+00 +0.000000e+00 +0.000000e+00 +0.000000e+00 
+0.000000e+00 +1.000000e+00 +0.000000e+00 +0.000000e+00 +0.000000e+00 +0.000000e+00 
+0.000000e+00 +0.000000e+00 +1.000000e+00 +5.054200e-01 +0.000000e+00 +0.000000e+00 
+0.000000e+00 +0.000000e+00 +0.000000e+00 +1.000000e+00 +0.000000e+00 +0.000000e+00 
+0.000000e+00 +0.000000e+00 +0.000000e+00 +0.000000e+00 +1.000000e+00 +4.868165e-01 
+0.000000e+00 +0.000000e+00 +0.000000e+00 +0.000000e+00 +0.000000e+00 +1.000000e+00 
Element # 20
From postion 5.93 m to 6.08 m
+1.000000e+00 +1.500000e-01 +0.000000e+00 +0.000000e+00 +0.000000e+00 +0.000000e+00 
+0.000000e+00 +1.000000e+00 +0.000000e+00 +0.000000e+00 +0.000000e+00 +0.000000e+00 
+0.000000e+00 +0.000000e+00 +1.000000e+00 +1.500000e-01 +0.000000e+00 +0.000000e+00 
+0.000000e+00 +0.000000e+00 +0.000000e+00 +1.000000e+00 +0.000000e+00 +0.000000e+00 
+0.000000e+00 +0.000000e+00 +0.000000e+00 +0.000000e+00 +1.000000e+00 +1.444788e-01 
+0.000000e+00 +0.000000e+00 +0.000000e+00 +0.000000e+00 +0.000000e+00 +1.000000e+00 
Element # 21
From postion 6.08 m to 6.28 m
+8.388374e-01 +1.891357e-01 +0.000000e+00 +0.000000e+00 +0.000000e+00 +0.000000e+00 
-1.566874e+00 +8.388374e-01 +0.000000e+00 +0.000000e+00 +0.000000e+00 +0.000000e+00 
+0.000000e+00 +0.000000e+00 +1.170314e+00 +2.112303e-01 +0.000000e+00 +0.000000e+00 
+0.000000e+00 +0.000000e+00 +1.749914e+00 +1.170314e+00 +0.000000e+00 +0.000000e+00 
+0.000000e+00 +0.000000e+00 +0.000000e+00 +0.000000e+00 +1.000000e+00 +1.926384e-01 
+0.000000e+00 +0.000000e+00 +0.000000e+00 +0.000000e+00 +0.000000e+00 +1.000000e+00 
Element # 22
From postion 6.28 m to 6.43 m
+1.000000e+00 +1.500000e-01 +0.000000e+00 +0.000000e+00 +0.000000e+00 +0.000000e+00 
+0.000000e+00 +1.000000e+00 +0.000000e+00 +0.000000e+00 +0.000000e+00 +0.000000e+00 
+0.000000e+00 +0.000000e+00 +1.000000e+00 +1.500000e-01 +0.000000e+00 +0.000000e+00 
+0.000000e+00 +0.000000e+00 +0.000000e+00 +1.000000e+00 +0.000000e+00 +0.000000e+00 
+0.000000e+00 +0.000000e+00 +0.000000e+00 +0.000000e+00 +1.000000e+00 +1.444788e-01 
+0.000000e+00 +0.000000e+00 +0.000000e+00 +0.000000e+00 +0.000000e+00 +1.000000e+00 
Element # 23
From postion 6.43 m to 6.63 m
+1.170844e+00 +2.112649e-01 +0.000000e+00 +0.000000e+00 +0.000000e+00 +0.000000e+00 
+1.755505e+00 +1.170844e+00 +0.000000e+00 +0.000000e+00 +0.000000e+00 +0.000000e+00 
+0.000000e+00 +0.000000e+00 +8.383626e-01 +1.891033e-01 +0.000000e+00 +0.000000e+00 
+0.000000e+00 +0.000000e+00 -1.571353e+00 +8.383626e-01 +0.000000e+00 +0.000000e+00 
+0.000000e+00 +0.000000e+00 +0.000000e+00 +0.000000e+00 +1.000000e+00 +1.926384e-01 
+0.000000e+00 +0.000000e+00 +0.000000e+00 +0.000000e+00 +0.000000e+00 +1.000000e+00 
Element # 24
From postion 6.63 m to 6.78 m
+1.000000e+00 +1.500000e-01 +0.000000e+00 +0.000000e+00 +0.000000e+00 +0.000000e+00 
+0.000000e+00 +1.000000e+00 +0.000000e+00 +0.000000e+00 +0.000000e+00 +0.000000e+00 
+0.000000e+00 +0.000000e+00 +1.000000e+00 +1.500000e-01 +0.000000e+00 +0.000000e+00 
+0.000000e+00 +0.000000e+00 +0.000000e+00 +1.000000e+00 +0.000000e+00 +0.000000e+00 
+0.000000e+00 +0.000000e+00 +0.000000e+00 +0.000000e+00 +1.000000e+00 +1.444788e-01 
+0.000000e+00 +0.000000e+00 +0.000000e+00 +0.000000e+00 +0.000000e+00 +1.000000e+00 
Element # 25
From postion 6.78 m to 7.36942 m
+1.000000e+00 +5.894200e-01 +0.000000e+00 +0.000000e+00 +0.000000e+00 +0.000000e+00 
+0.000000e+00 +1.000000e+00 +0.000000e+00 +0.000000e+00 +0.000000e+00 +0.000000e+00 
+0.000000e+00 +0.000000e+00 +1.000000e+00 +5.894200e-01 +0.000000e+00 +0.000000e+00 
+0.000000e+00 +0.000000e+00 +0.000000e+00 +1.000000e+00 +0.000000e+00 +0.000000e+00 
+0.000000e+00 +0.000000e+00 +0.000000e+00 +0.000000e+00 +1.000000e+00 +5.677247e-01 
+0.000000e+00 +0.000000e+00 +0.000000e+00 +0.000000e+00 +0.000000e+00 +1.000000e+00 
Element # 26
From postion 7.36942 m to 7.78458 m
+1.050390e+00 +4.208596e-01 +0.000000e+00 +0.000000e+00 +0.000000e+00 +0.000000e+00 
+1.620852e-01 +1.008183e+00 +0.000000e+00 +0.000000e+00 +0.000000e+00 +0.000000e+00 
+0.000000e+00 +0.000000e+00 +1.050390e+00 +4.208596e-01 +0.000000e+00 +0.000000e+00 
+0.000000e+00 +0.000000e+00 +1.620852e-01 +1.008183e+00 +0.000000e+00 +0.000000e+00 
+0.000000e+00 +0.000000e+00 +0.000000e+00 +0.000000e+00 +8.997895e-01 +3.864769e-01 
+0.000000e+00 +0.000000e+00 +0.000000e+00 +0.000000e+00 -3.376706e-01 +9.560772e-01 
Element # 27
From postion 7.78458 m to 8.04942 m
+1.000000e+00 +2.648400e-01 +0.000000e+00 +0.000000e+00 +0.000000e+00 +0.000000e+00 
+0.000000e+00 +1.000000e+00 +0.000000e+00 +0.000000e+00 +0.000000e+00 +0.000000e+00 
+0.000000e+00 +0.000000e+00 +1.000000e+00 +2.648400e-01 +0.000000e+00 +0.000000e+00 
+0.000000e+00 +0.000000e+00 +0.000000e+00 +1.000000e+00 +0.000000e+00 +0.000000e+00 
+0.000000e+00 +0.000000e+00 +0.000000e+00 +0.000000e+00 +1.000000e+00 +2.549169e-01 
+0.000000e+00 +0.000000e+00 +0.000000e+00 +0.000000e+00 +0.000000e+00 +1.000000e+00 
Element # 28
From postion 8.04942 m to 8.46458 m
+1.050358e+00 +4.208420e-01 +0.000000e+00 +0.000000e+00 +0.000000e+00 +0.000000e+00 
+1.643420e-01 +1.008900e+00 +0.000000e+00 +0.000000e+00 +0.000000e+00 +0.000000e+00 
+0.000000e+00 +0.000000e+00 +1.050358e+00 +4.208420e-01 +0.000000e+00 +0.000000e+00 
+0.000000e+00 +0.000000e+00 +1.643420e-01 +1.008900e+00 +0.000000e+00 +0.000000e+00 
+0.000000e+00 +0.000000e+00 +0.000000e+00 +0.000000e+00 +8.998916e-01 +3.860788e-01 
+0.000000e+00 +0.000000e+00 +0.000000e+00 +0.000000e+00 -3.418446e-01 +9.540768e-01 
Element # 29
From postion 8.46458 m to 8.97 m
+1.000000e+00 +5.054200e-01 +0.000000e+00 +0.000000e+00 +0.000000e+00 +0.000000e+00 
+0.000000e+00 +1.000000e+00 +0.000000e+00 +0.000000e+00 +0.000000e+00 +0.000000e+00 
+0.000000e+00 +0.000000e+00 +1.000000e+00 +5.054200e-01 +0.000000e+00 +0.000000e+00 
+0.000000e+00 +0.000000e+00 +0.000000e+00 +1.000000e+00 +0.000000e+00 +0.000000e+00 
+0.000000e+00 +0.000000e+00 +0.000000e+00 +0.000000e+00 +1.000000e+00 +4.861347e-01 
+0.000000e+00 +0.000000e+00 +0.000000e+00 +0.000000e+00 +0.000000e+00 +1.000000e+00 
Element # 30
From postion 8.97 m to 9.12 m
+1.000000e+00 +1.500000e-01 +0.000000e+00 +0.000000e+00 +0.000000e+00 +0.000000e+00 
+0.000000e+00 +1.000000e+00 +0.000000e+00 +0.000000e+00 +0.000000e+00 +0.000000e+00 
+0.000000e+00 +0.000000e+00 +1.000000e+00 +1.500000e-01 +0.000000e+00 +0.000000e+00 
+0.000000e+00 +0.000000e+00 +0.000000e+00 +1.000000e+00 +0.000000e+00 +0.000000e+00 
+0.000000e+00 +0.000000e+00 +0.000000e+00 +0.000000e+00 +1.000000e+00 +1.442764e-01 
+0.000000e+00 +0.000000e+00 +0.000000e+00 +0.000000e+00 +0.000000e+00 +1.000000e+00 
Element # 31
From postion 9.12 m to 9.32 m
+8.390464e-01 +1.891500e-01 +0.000000e+00 +0.000000e+00 +0.000000e+00 +0.000000e+00 
-1.564902e+00 +8.390464e-01 +0.000000e+00 +0.000000e+00 +0.000000e+00 +0.000000e+00 
+0.000000e+00 +0.000000e+00 +1.170081e+00 +2.112151e-01 +0.000000e+00 +0.000000e+00 
+0.000000e+00 +0.000000e+00 +1.747454e+00 +1.170081e+00 +0.000000e+00 +0.000000e+00 
+0.000000e+00 +0.000000e+00 +0.000000e+00 +0.000000e+00 +1.000000e+00 +1.923686e-01 
+0.000000e+00 +0.000000e+00 +0.000000e+00 +0.000000e+00 +0.000000e+00 +1.000000e+00 
Element # 32
From postion 9.32 m to 9.47 m
+1.000000e+00 +1.500000e-01 +0.000000e+00 +0.000000e+00 +0.000000e+00 +0.000000e+00 
+0.000000e+00 +1.000000e+00 +0.000000e+00 +0.000000e+00 +0.000000e+00 +0.000000e+00 
+0.000000e+00 +0.000000e+00 +1.000000e+00 +1.500000e-01 +0.000000e+00 +0.000000e+00 
+0.000000e+00 +0.000000e+00 +0.000000e+00 +1.000000e+00 +0.000000e+00 +0.000000e+00 
+0.000000e+00 +0.000000e+00 +0.000000e+00 +0.000000e+00 +1.000000e+00 +1.442764e-01 
+0.000000e+00 +0.000000e+00 +0.000000e+00 +0.000000e+00 +0.000000e+00 +1.000000e+00 
Element # 33
From postion 9.47 m to 9.67 m
+1.170554e+00 +2.112460e-01 +0.000000e+00 +0.000000e+00 +0.000000e+00 +0.000000e+00 
+1.752440e+00 +1.170554e+00 +0.000000e+00 +0.000000e+00 +0.000000e+00 +0.000000e+00 
+0.000000e+00 +0.000000e+00 +8.386228e-01 +1.891211e-01 +0.000000e+00 +0.000000e+00 
+0.000000e+00 +0.000000e+00 -1.568898e+00 +8.386228e-01 +0.000000e+00 +0.000000e+00 
+0.000000e+00 +0.000000e+00 +0.000000e+00 +0.000000e+00 +1.000000e+00 +1.923686e-01 
+0.000000e+00 +0.000000e+00 +0.000000e+00 +0.000000e+00 +0.000000e+00 +1.000000e+00 
Element # 34
From postion 9.67 m to 9.82 m
+1.000000e+00 +1.500000e-01 +0.000000e+00 +0.000000e+00 +0.000000e+00 +0.000000e+00 
+0.000000e+00 +1.000000e+00 +0.000000e+00 +0.000000e+00 +0.000000e+00 +0.000000e+00 
+0.000000e+00 +0.000000e+00 +1.000000e+00 +1.500000e-01 +0.000000e+00 +0.000000e+00 
+0.000000e+00 +0.000000e+00 +0.000000e+00 +1.000000e+00 +0.000000e+00 +0.000000e+00 
+0.000000e+00 +0.000000e+00 +0.000000e+00 +0.000000e+00 +1.000000e+00 +1.442764e-01 
+0.000000e+00 +0.000000e+00 +0.000000e+00 +0.000000e+00 +0.000000e+00 +1.000000e+00 
Element # 35
From postion 9.82 m to 10.40942 m
+1.000000e+00 +5.894200e-01 +0.000000e+00 +0.000000e+00 +0.000000e+00 +0.000000e+00 
+0.000000e+00 +1.000000e+00 +0.000000e+00 +0.000000e+00 +0.000000e+00 +0.000000e+00 
+0.000000e+00 +0.000000e+00 +1.000000e+00 +5.894200e-01 +0.000000e+00 +0.000000e+00 
+0.000000e+00 +0.000000e+00 +0.000000e+00 +1.000000e+00 +0.000000e+00 +0.000000e+00 
+0.000000e+00 +0.000000e+00 +0.000000e+00 +0.000000e+00 +1.000000e+00 +5.669295e-01 
+0.000000e+00 +0.000000e+00 +0.000000e+00 +0.000000e+00 +0.000000e+00 +1.000000e+00 
Element # 36
From postion 10.40942 m to 10.82458 m
+1.049775e+00 +4.206093e-01 +0.000000e+00 +0.000000e+00 +0.000000e+00 +0.000000e+00 
+1.626834e-01 +1.008375e+00 +0.000000e+00 +0.000000e+00 +0.000000e+00 +0.000000e+00 
+0.000000e+00 +0.000000e+00 +1.049775e+00 +4.206093e-01 +0.000000e+00 +0.000000e+00 
+0.000000e+00 +0.000000e+00 +1.626834e-01 +1.008375e+00 +0.000000e+00 +0.000000e+00 
+0.000000e+00 +0.000000e+00 +0.000000e+00 +0.000000e+00 +9.010172e-01 +3.858926e-01 
+0.000000e+00 +0.000000e+00 +0.000000e+00 +0.000000e+00 -3.384183e-01 +9.539748e-01 
Element # 37
From postion 10.82458 m to 11.08942 m
+1.000000e+00 +2.648400e-01 +0.000000e+00 +0.000000e+00 +0.000000e+00 +0.000000e+00 
+0.000000e+00 +1.000000e+00 +0.000000e+00 +0.000000e+00 +0.000000e+00 +0.000000e+00 
+0.000000e+00 +0.000000e+00 +1.000000e+00 +2.648400e-01 +0.000000e+00 +0.000000e+00 
+0.000000e+00 +0.000000e+00 +0.000000e+00 +1.000000e+00 +0.000000e+00 +0.000000e+00 
+0.000000e+00 +0.000000e+00 +0.000000e+00 +0.000000e+00 +1.000000e+00 +2.545408e-01 
+0.000000e+00 +0.000000e+00 +0.000000e+00 +0.000000e+00 +0.000000e+00 +1.000000e+00 
Element # 38
From postion 11.08942 m to 11.50458 m
+1.049585e+00 +4.205750e-01 +0.000000e+00 +0.000000e+00 +0.000000e+00 +0.000000e+00 
+1.644812e-01 +1.009064e+00 +0.000000e+00 +0.000000e+00 +0.000000e+00 +0.000000e+00 
+0.000000e+00 +0.000000e+00 +1.049585e+00 +4.205750e-01 +0.000000e+00 +0.000000e+00 
+0.000000e+00 +0.000000e+00 +1.644812e-01 +1.009064e+00 +0.000000e+00 +0.000000e+00 
+0.000000e+00 +0.000000e+00 +0.000000e+00 +0.000000e+00 +9.014269e-01 +3.854937e-01 
+0.000000e+00 +0.000000e+00 +0.000000e+00 +0.000000e+00 -3.416922e-01 +9.520476e-01 
Element # 39
From postion 11.50458 m to 12.01 m
+1.000000e+00 +5.054200e-01 +0.000000e+00 +0.000000e+00 +0.000000e+00 +0.000000e+00 
+0.000000e+00 +1.000000e+00 +0.000000e+00 +0.000000e+00 +0.000000e+00 +0.000000e+00 
+0.000000e+00 +0.000000e+00 +1.000000e+00 +5.054200e-01 +0.000000e+00 +0.000000e+00 
+0.000000e+00 +0.000000e+00 +0.000000e+00 +1.000000e+00 +0.000000e+00 +0.000000e+00 
+0.000000e+00 +0.000000e+00 +0.000000e+00 +0.000000e+00 +1.000000e+00 +4.853800e-01 
+0.000000e+00 +0.000000e+00 +0.000000e+00 +0.000000e+00 +0.000000e+00 +1.000000e+00 

